232 # sprites
24 8600.00 304.00 50.00 0.00 0.00 1 3.00
0 1000.00000 69.00000 0.10 -7.48000 0.56000 0
0 1007.00000 104.00000 0.10 -7.48000 0.56000 0
0 1017.00000 134.00000 0.10 -7.48000 0.56000 0
0 1003.00000 466.00000 0.10 -7.00000 -1.36000 0
0 990.00000 497.00000 0.10 -7.00000 -1.36000 0
0 975.00000 524.00000 0.10 -7.00000 -1.36000 0
0 1227.00000 205.00000 0.10 -5.75000 -0.16000 0
0 1182.00000 275.00000 0.10 -5.75000 -0.16000 0
0 1225.00000 355.00000 0.10 -5.75000 -0.16000 0
49 542.20001 435.00000 0.10 0.00000 0.00000 0
50 1222.30005 90.50000 0.10 0.00000 0.00000 0
30 680.00000 167.00000 0.05 0.00000 0.00000 1 20.00000
30 654.00000 192.00000 0.05 0.00000 0.00000 1 20.00000
30 708.00000 192.00000 0.05 0.00000 0.00000 1 20.00000
30 679.00000 372.00000 0.05 0.00000 0.00000 1 20.00000
30 644.00000 343.00000 0.05 0.00000 0.00000 1 20.00000
30 709.00000 345.00000 0.05 0.00000 0.00000 1 20.00000
0 1274.00000 240.00000 0.10 -4.13000 -0.10000 0
0 1261.50000 317.00000 0.10 -4.13000 -0.10000 0
1 441.00000 446.00000 0.40 0.00000 0.00000 0
1 584.50000 398.00000 0.40 0.00000 0.00000 0
1 580.50000 142.00000 0.40 0.00000 0.00000 0
1 435.50000 97.00000 0.40 0.00000 0.00000 0
30 494.00000 121.00000 0.05 0.00000 0.00000 1 20.00000
30 535.00000 130.00000 0.05 0.00000 0.00000 1 20.00000
30 535.00000 423.00000 0.05 0.00000 0.00000 1 20.00000
30 488.00000 439.00000 0.05 0.00000 0.00000 1 20.00000
1 755.00000 265.00000 0.40 0.00000 0.00000 0
1 820.50000 200.00000 0.40 0.00000 0.00000 0
1 822.50000 322.00000 0.40 0.00000 0.00000 0
1 238.50000 513.00000 0.40 0.00000 0.00000 0
1 159.50000 505.00000 0.40 0.00000 0.00000 0
1 206.50000 445.00000 0.40 0.00000 0.00000 0
1 174.50000 262.00000 0.40 0.00000 0.00000 0
1 242.50000 207.00000 0.40 0.00000 0.00000 0
1 145.50000 146.00000 0.40 0.00000 0.00000 0
1 144.50000 87.00000 0.40 0.00000 0.00000 0
1 222.50000 89.00000 0.40 0.00000 0.00000 0
1 321.50000 100.00000 0.40 0.00000 0.00000 0
1 236.50000 136.00000 0.40 0.00000 0.00000 0
1 364.50000 491.00000 0.40 0.00000 0.00000 0
30 1458.00000 248.00000 0.05 0.00000 0.00000 1 20.00000
30 1495.00000 249.00000 0.05 0.00000 0.00000 1 20.00000
30 1529.00000 249.00000 0.05 0.00000 0.00000 1 20.00000
30 1556.00000 249.00000 0.05 0.00000 0.00000 1 20.00000
30 1456.00000 274.00000 0.05 0.00000 0.00000 1 20.00000
30 1455.00000 293.00000 0.05 0.00000 0.00000 1 20.00000
30 1452.00000 318.00000 0.05 0.00000 0.00000 1 20.00000
30 1478.00000 316.00000 0.05 0.00000 0.00000 1 20.00000
30 1513.00000 316.00000 0.05 0.00000 0.00000 1 20.00000
30 1551.00000 317.00000 0.05 0.00000 0.00000 1 20.00000
30 1550.00000 339.00000 0.05 0.00000 0.00000 1 20.00000
30 1550.00000 370.00000 0.05 0.00000 0.00000 1 20.00000
30 1577.00000 359.00000 0.05 0.00000 0.00000 1 20.00000
30 1599.00000 343.00000 0.05 0.00000 0.00000 1 20.00000
30 1625.00000 324.00000 0.05 0.00000 0.00000 1 20.00000
30 1649.00000 305.00000 0.05 0.00000 0.00000 1 20.00000
30 1664.00000 290.00000 0.05 0.00000 0.00000 1 20.00000
30 1640.00000 264.00000 0.05 0.00000 0.00000 1 20.00000
30 1620.00000 246.00000 0.05 0.00000 0.00000 1 20.00000
30 1602.00000 228.00000 0.05 0.00000 0.00000 1 20.00000
30 1583.00000 205.00000 0.05 0.00000 0.00000 1 20.00000
30 1562.00000 184.00000 0.05 0.00000 0.00000 1 20.00000
30 1558.00000 211.00000 0.05 0.00000 0.00000 1 20.00000
31 1711.50000 279.50000 0.05 0.00000 0.00000 1 0.50000
1 1985.00000 115.00000 0.40 -4.75000 0.98000 0
1 2010.00000 175.00000 0.40 -4.75000 0.98000 0
1 1976.00000 383.00000 0.40 -4.75000 -1.82000 0
1 1974.00000 468.00000 0.40 -4.75000 -1.82000 0
1 2251.50000 123.00000 0.40 0.00000 0.00000 0
1 2367.50000 128.00000 0.40 0.00000 0.00000 0
1 2429.50000 84.00000 0.40 0.00000 0.00000 0
1 2286.50000 351.00000 0.40 0.00000 0.00000 0
1 2368.50000 391.00000 0.40 0.00000 0.00000 0
1 2436.50000 356.00000 0.40 0.00000 0.00000 0
1 2486.50000 432.00000 0.40 0.00000 0.00000 0
1 2541.50000 503.00000 0.40 0.00000 0.00000 0
1 2374.50000 513.00000 0.40 0.00000 0.00000 0
1 2587.50000 94.00000 0.40 0.00000 0.00000 0
1 2537.50000 134.00000 0.40 0.00000 0.00000 0
0 2315.50000 144.00000 0.10 0.00000 0.00000 0
0 2353.50000 102.00000 0.10 0.00000 0.00000 0
0 2450.50000 128.00000 0.10 0.00000 0.00000 0
0 2553.50000 89.00000 0.10 0.00000 0.00000 0
0 2364.50000 349.00000 0.10 0.00000 0.00000 0
0 2315.50000 423.00000 0.10 0.00000 0.00000 0
0 2448.50000 464.00000 0.10 0.00000 0.00000 0
0 2373.50000 459.00000 0.10 0.00000 0.00000 0
0 2458.50000 407.00000 0.10 0.00000 0.00000 0
0 2562.50000 436.00000 0.10 0.00000 0.00000 0
0 2618.50000 522.00000 0.10 0.00000 0.00000 0
0 2472.50000 538.00000 0.10 0.00000 0.00000 0
1 2781.00000 101.00000 0.40 0.00000 0.00000 0
1 2776.00000 147.00000 0.40 0.00000 0.00000 0
1 2679.50000 248.00000 0.40 0.00000 0.00000 0
1 2772.50000 360.00000 0.40 0.00000 0.00000 0
1 2865.50000 309.00000 0.40 0.00000 0.00000 0
1 2907.50000 241.00000 0.40 0.00000 0.00000 0
1 2891.50000 430.00000 0.40 0.00000 0.00000 0
1 2849.50000 488.00000 0.40 0.00000 0.00000 0
1 2771.50000 516.00000 0.40 0.00000 0.00000 0
0 2883.50000 373.00000 0.10 0.00000 0.00000 0
0 2980.50000 317.00000 0.10 0.00000 0.00000 0
0 2966.50000 438.00000 0.10 0.00000 0.00000 0
0 2929.50000 499.00000 0.10 0.00000 0.00000 0
0 2774.50000 64.00000 0.10 0.00000 0.00000 0
0 2646.50000 88.00000 0.10 0.00000 0.00000 0
0 2495.50000 58.00000 0.10 0.00000 0.00000 0
30 2280.00000 248.00000 0.05 0.00000 0.00000 1 20.00000
30 2359.00000 250.00000 0.05 0.00000 0.00000 1 20.00000
30 2416.00000 249.00000 0.05 0.00000 0.00000 1 20.00000
30 2474.00000 257.00000 0.05 0.00000 0.00000 1 20.00000
30 2529.00000 276.00000 0.05 0.00000 0.00000 1 20.00000
30 2538.00000 221.00000 0.05 0.00000 0.00000 1 20.00000
30 2599.00000 191.00000 0.05 0.00000 0.00000 1 20.00000
30 2685.00000 172.00000 0.05 0.00000 0.00000 1 20.00000
30 2760.00000 215.00000 0.05 0.00000 0.00000 1 20.00000
30 2831.00000 240.00000 0.05 0.00000 0.00000 1 20.00000
30 2908.00000 192.00000 0.05 0.00000 0.00000 1 20.00000
30 2600.00000 310.00000 0.05 0.00000 0.00000 1 20.00000
30 2665.00000 333.00000 0.05 0.00000 0.00000 1 20.00000
30 2729.00000 304.00000 0.05 0.00000 0.00000 1 20.00000
30 2667.00000 434.00000 0.05 0.00000 0.00000 1 20.00000
30 2672.00000 452.00000 0.05 0.00000 0.00000 1 20.00000
30 2687.00000 440.00000 0.05 0.00000 0.00000 1 20.00000
30 2791.00000 437.00000 0.05 0.00000 0.00000 1 20.00000
30 2786.00000 450.00000 0.05 0.00000 0.00000 1 20.00000
30 2804.00000 446.00000 0.05 0.00000 0.00000 1 20.00000
30 2967.00000 182.00000 0.05 0.00000 0.00000 1 20.00000
30 3021.00000 178.00000 0.05 0.00000 0.00000 1 20.00000
30 3071.00000 181.00000 0.05 0.00000 0.00000 1 20.00000
30 3153.00000 200.00000 0.05 0.00000 0.00000 1 20.00000
30 3108.00000 191.00000 0.05 0.00000 0.00000 1 20.00000
30 3201.00000 220.00000 0.05 0.00000 0.00000 1 20.00000
31 2709.50000 82.50000 0.05 0.00000 0.00000 1 0.50000
2 3336.00000 349.00000 6.00 -2.92000 -1.38000 0
1 3320.50000 307.00000 0.40 0.00000 0.00000 0
1 3281.50000 327.00000 0.40 0.00000 0.00000 0
1 3253.50000 356.00000 0.40 0.00000 0.00000 0
1 3243.00000 394.00000 0.40 0.02000 -0.02000 0
0 3314.00000 360.00000 0.10 0.00000 0.00000 0
0 3294.50000 281.00000 0.10 0.00000 0.00000 0
0 3267.50000 299.00000 0.10 0.00000 0.00000 0
0 3246.50000 326.00000 0.10 0.00000 0.00000 0
0 3227.50000 350.00000 0.10 0.00000 0.00000 0
0 3213.50000 375.00000 0.10 0.00000 0.00000 0
0 3202.50000 400.00000 0.10 0.00000 0.00000 0
0 2968.50000 377.00000 0.10 0.00000 0.00000 0
0 2884.50000 125.00000 0.10 0.00000 0.00000 0
0 2833.50000 105.00000 0.10 0.00000 0.00000 0
31 3562.50000 272.50000 0.05 0.00000 0.00000 1 0.50000
32 3636.50000 269.50000 0.05 0.00000 0.00000 1 0.50000
1 4019.50000 275.00000 0.40 0.00000 0.00000 0
24 4234.00000 471.00000 50.00 0.00000 0.00000 1 80.00000
1 3823.50000 542.00000 0.40 0.00000 0.00000 0
1 3849.50000 504.00000 0.40 0.00000 0.00000 0
1 3918.50000 472.00000 0.40 0.00000 0.00000 0
1 4008.50000 419.00000 0.40 0.00000 0.00000 0
1 4121.50000 357.00000 0.40 0.00000 0.00000 0
1 4136.50000 417.00000 0.40 0.00000 0.00000 0
1 4062.00000 558.00000 0.40 0.31000 -0.42000 0
1 3927.50000 535.00000 0.40 0.00000 0.00000 0
1 4144.00000 487.00000 0.40 -0.14000 -0.34000 0
1 4075.50000 441.00000 0.40 0.00000 0.00000 0
0 3987.50000 526.00000 0.10 0.00000 0.00000 0
0 3987.50000 479.00000 0.10 0.00000 0.00000 0
0 4114.50000 529.00000 0.10 0.00000 0.00000 0
0 4198.50000 449.00000 0.10 0.00000 0.00000 0
0 4241.50000 410.00000 0.10 0.00000 0.00000 0
0 4233.50000 316.00000 0.10 0.00000 0.00000 0
0 4182.50000 383.00000 0.10 0.00000 0.00000 0
0 4085.50000 394.00000 0.10 0.00000 0.00000 0
1 4352.50000 491.00000 0.40 0.00000 0.00000 0
1 4335.50000 441.00000 0.40 0.00000 0.00000 0
1 4306.00000 375.00000 0.40 -0.01000 0.46000 0
1 4408.50000 454.00000 0.40 0.00000 0.00000 0
1 4423.50000 358.00000 0.40 0.00000 0.00000 0
1 4451.50000 489.00000 0.40 0.00000 0.00000 0
1 4508.00000 545.00000 0.40 -1.08000 -0.02000 0
1 4329.50000 318.00000 0.40 0.00000 0.00000 0
1 4376.50000 396.00000 0.40 0.00000 0.00000 0
0 4467.00000 715.00000 0.10 -1.69000 -3.50000 0
0 4250.00000 702.00000 0.10 -1.69000 -3.50000 0
0 4273.00000 707.00000 0.10 -1.69000 -3.50000 0
0 4284.00000 686.00000 0.10 -1.69000 -3.50000 0
0 4287.50000 658.00000 0.10 -1.69000 -3.50000 0
0 4472.00000 672.00000 0.10 -1.69000 -3.50000 0
0 4371.00000 695.00000 0.10 -1.69000 -3.50000 0
0 4389.00000 679.00000 0.10 -1.69000 -3.50000 0
0 4411.50000 688.00000 0.10 -1.69000 -3.50000 0
0 4423.00000 656.00000 0.10 -1.69000 -3.50000 0
0 4421.00000 774.00000 0.10 -2.10000 -3.86000 0
0 4501.00000 783.00000 0.10 -2.10000 -3.86000 0
0 4314.00000 799.00000 0.10 -2.10000 -3.86000 0
0 4401.00000 826.00000 0.10 -2.10000 -3.86000 0
30 3744.00000 219.00000 0.05 0.00000 0.00000 1 20.00000
30 3811.00000 179.00000 0.05 0.00000 0.00000 1 20.00000
30 3854.00000 149.00000 0.05 0.00000 0.00000 1 20.00000
30 3902.00000 121.00000 0.05 0.00000 0.00000 1 20.00000
30 3956.00000 102.00000 0.05 0.00000 0.00000 1 20.00000
30 4002.00000 86.00000 0.05 0.00000 0.00000 1 20.00000
30 4046.00000 80.00000 0.05 0.00000 0.00000 1 20.00000
30 4174.00000 79.00000 0.05 0.00000 0.00000 1 20.00000
30 4236.00000 79.00000 0.05 0.00000 0.00000 1 20.00000
30 4106.00000 80.00000 0.05 0.00000 0.00000 1 20.00000
30 4335.00000 91.00000 0.05 0.00000 0.00000 1 20.00000
30 4386.00000 91.00000 0.05 0.00000 0.00000 1 20.00000
30 4445.00000 102.00000 0.05 0.00000 0.00000 1 20.00000
30 4519.00000 102.00000 0.05 0.00000 0.00000 1 20.00000
30 4288.00000 82.00000 0.05 0.00000 0.00000 1 20.00000
0 4496.50000 577.00000 0.10 0.00000 0.00000 0
0 4442.50000 535.00000 0.10 0.00000 0.00000 0
0 4294.50000 439.00000 0.10 0.00000 0.00000 0
0 4072.50000 504.00000 0.10 0.00000 0.00000 0
0 4149.50000 565.00000 0.10 0.00000 0.00000 0
0 4246.50000 568.00000 0.10 0.00000 0.00000 0
0 4323.50000 573.00000 0.10 0.00000 0.00000 0
1 5028.00000 267.00000 0.40 0.47000 0.66000 0
1 5114.00000 197.00000 0.40 0.63000 -0.54000 0
1 5199.00000 308.00000 0.40 -0.11000 0.38000 0
1 5263.00000 202.00000 0.40 0.30000 -0.52000 0
1 5353.00000 246.00000 0.40 0.57000 -0.10000 0
1 5294.00000 421.00000 0.40 -0.11000 -0.66000 0
1 5260.00000 106.00000 0.40 -0.11000 0.52000 0
1 5387.00000 120.00000 0.40 0.35000 0.42000 0
1 5410.00000 479.00000 0.40 0.20000 -0.94000 0
1 5114.00000 492.00000 0.40 0.51000 -0.88000 0
1 5023.00000 101.00000 0.40 0.47000 0.32000 0
1 5500.00000 214.00000 0.40 -0.33000 0.28000 0
1 5508.00000 114.00000 0.40 -0.40000 0.36000 0
1 5503.00000 330.00000 0.40 -0.65000 -0.18000 0
