1107 # sprites
24 8574.00000 263.00000 50.00 0.00000 0.00000 1 4.00000
0 485.50000 16.00000 0.10 0.00000 0.00000 0
0 540.50000 16.00000 0.10 0.00000 0.00000 0
0 569.50000 17.00000 0.10 0.00000 0.00000 0
0 649.50000 18.00000 0.10 0.00000 0.00000 0
0 706.50000 22.00000 0.10 0.00000 0.00000 0
0 743.50000 34.00000 0.10 0.00000 0.00000 0
0 736.50000 56.00000 0.10 0.00000 0.00000 0
0 641.50000 56.00000 0.10 0.00000 0.00000 0
0 556.50000 54.00000 0.10 0.00000 0.00000 0
0 500.50000 54.00000 0.10 0.00000 0.00000 0
0 481.50000 75.00000 0.10 0.00000 0.00000 0
0 534.50000 80.00000 0.10 0.00000 0.00000 0
0 592.50000 78.00000 0.10 0.00000 0.00000 0
0 681.50000 78.00000 0.10 0.00000 0.00000 0
0 737.50000 99.00000 0.10 0.00000 0.00000 0
0 732.50000 117.00000 0.10 0.00000 0.00000 0
0 679.50000 118.00000 0.10 0.00000 0.00000 0
0 579.50000 116.00000 0.10 0.00000 0.00000 0
0 482.50000 120.00000 0.10 0.00000 0.00000 0
0 475.50000 146.00000 0.10 0.00000 0.00000 0
0 538.50000 151.00000 0.10 0.00000 0.00000 0
0 667.50000 149.00000 0.10 0.00000 0.00000 0
0 766.50000 155.00000 0.10 0.00000 0.00000 0
0 743.50000 180.00000 0.10 0.00000 0.00000 0
0 655.50000 182.00000 0.10 0.00000 0.00000 0
0 577.50000 183.00000 0.10 0.00000 0.00000 0
0 486.50000 187.00000 0.10 0.00000 0.00000 0
0 533.50000 218.00000 0.10 0.00000 0.00000 0
0 628.50000 214.00000 0.10 0.00000 0.00000 0
0 695.50000 215.00000 0.10 0.00000 0.00000 0
0 762.50000 215.00000 0.10 0.00000 0.00000 0
0 500.50000 355.00000 0.10 0.00000 0.00000 0
0 533.50000 355.00000 0.10 0.00000 0.00000 0
0 569.50000 354.00000 0.10 0.00000 0.00000 0
0 632.50000 354.00000 0.10 0.00000 0.00000 0
0 700.50000 356.00000 0.10 0.00000 0.00000 0
0 754.50000 360.00000 0.10 0.00000 0.00000 0
0 768.50000 368.00000 0.10 0.00000 0.00000 0
0 760.50000 376.00000 0.10 0.00000 0.00000 0
0 685.50000 383.00000 0.10 0.00000 0.00000 0
0 604.50000 386.00000 0.10 0.00000 0.00000 0
0 513.50000 387.00000 0.10 0.00000 0.00000 0
0 500.50000 400.00000 0.10 0.00000 0.00000 0
0 538.50000 406.00000 0.10 0.00000 0.00000 0
0 616.50000 406.00000 0.10 0.00000 0.00000 0
0 670.50000 401.00000 0.10 0.00000 0.00000 0
0 734.50000 403.00000 0.10 0.00000 0.00000 0
0 756.50000 410.00000 0.10 0.00000 0.00000 0
0 732.50000 418.00000 0.10 0.00000 0.00000 0
0 619.50000 420.00000 0.10 0.00000 0.00000 0
0 535.50000 424.00000 0.10 0.00000 0.00000 0
0 500.50000 433.00000 0.10 0.00000 0.00000 0
0 538.50000 445.00000 0.10 0.00000 0.00000 0
0 584.50000 440.00000 0.10 0.00000 0.00000 0
0 666.50000 434.00000 0.10 0.00000 0.00000 0
0 742.50000 440.00000 0.10 0.00000 0.00000 0
0 777.50000 457.00000 0.10 0.00000 0.00000 0
0 749.50000 464.00000 0.10 0.00000 0.00000 0
0 719.50000 458.00000 0.10 0.00000 0.00000 0
0 677.50000 454.00000 0.10 0.00000 0.00000 0
0 608.50000 454.00000 0.10 0.00000 0.00000 0
0 570.50000 472.00000 0.10 0.00000 0.00000 0
0 502.50000 479.00000 0.10 0.00000 0.00000 0
0 504.50000 492.00000 0.10 0.00000 0.00000 0
0 556.50000 505.00000 0.10 0.00000 0.00000 0
0 632.50000 496.00000 0.10 0.00000 0.00000 0
0 714.50000 489.00000 0.10 0.00000 0.00000 0
0 789.50000 494.00000 0.10 0.00000 0.00000 0
0 786.50000 512.00000 0.10 0.00000 0.00000 0
0 733.50000 518.00000 0.10 0.00000 0.00000 0
0 645.50000 520.00000 0.10 0.00000 0.00000 0
0 547.50000 524.00000 0.10 0.00000 0.00000 0
0 514.50000 533.00000 0.10 0.00000 0.00000 0
0 526.50000 547.00000 0.10 0.00000 0.00000 0
0 589.50000 552.00000 0.10 0.00000 0.00000 0
0 655.50000 548.00000 0.10 0.00000 0.00000 0
0 759.50000 547.00000 0.10 0.00000 0.00000 0
0 777.50000 572.00000 0.10 0.00000 0.00000 0
0 727.50000 582.00000 0.10 0.00000 0.00000 0
0 602.50000 584.00000 0.10 0.00000 0.00000 0
0 532.50000 577.00000 0.10 0.00000 0.00000 0
0 503.50000 574.00000 0.10 0.00000 0.00000 0
0 499.50000 553.00000 0.10 0.00000 0.00000 0
0 582.50000 569.00000 0.10 0.00000 0.00000 0
0 664.50000 585.00000 0.10 0.00000 0.00000 0
0 695.50000 514.00000 0.10 0.00000 0.00000 0
0 659.50000 508.00000 0.10 0.00000 0.00000 0
0 598.50000 514.00000 0.10 0.00000 0.00000 0
0 650.50000 466.00000 0.10 0.00000 0.00000 0
0 603.50000 197.00000 0.10 0.00000 0.00000 0
0 637.50000 127.00000 0.10 0.00000 0.00000 0
0 613.50000 117.00000 0.10 0.00000 0.00000 0
0 580.50000 148.00000 0.10 0.00000 0.00000 0
0 524.50000 112.00000 0.10 0.00000 0.00000 0
0 516.50000 132.00000 0.10 0.00000 0.00000 0
0 601.50000 42.00000 0.10 0.00000 0.00000 0
0 512.50000 27.00000 0.10 0.00000 0.00000 0
0 592.50000 17.00000 0.10 0.00000 0.00000 0
0 722.50000 12.00000 0.10 0.00000 0.00000 0
0 654.50000 32.00000 0.10 0.00000 0.00000 0
0 712.50000 81.00000 0.10 0.00000 0.00000 0
0 705.50000 149.00000 0.10 0.00000 0.00000 0
0 709.50000 177.00000 0.10 0.00000 0.00000 0
0 770.50000 106.00000 0.10 0.00000 0.00000 0
0 767.50000 7.00000 0.10 0.00000 0.00000 0
0 776.50000 65.00000 0.10 0.00000 0.00000 0
0 476.50000 204.00000 0.10 0.00000 0.00000 0
0 537.50000 179.00000 0.10 0.00000 0.00000 0
0 567.50000 204.00000 0.10 0.00000 0.00000 0
0 627.50000 169.00000 0.10 0.00000 0.00000 0
0 642.50000 98.00000 0.10 0.00000 0.00000 0
1 1081.50000 220.00000 0.40 -0.03000 0.68000 0
1 1084.50000 301.00000 0.40 -0.03000 0.68000 0
1 1146.50000 347.00000 0.40 -0.03000 0.68000 0
1 1214.50000 307.00000 0.40 -0.03000 0.68000 0
1 1220.50000 213.00000 0.40 -0.03000 0.68000 0
1 1296.50000 253.00000 0.40 -0.03000 0.68000 0
1 1265.50000 340.00000 0.40 -0.03000 0.68000 0
1 1123.50000 267.00000 0.40 -0.03000 0.68000 0
1 1276.50000 173.00000 0.40 -0.03000 0.68000 0
1 1158.50000 155.00000 0.40 -0.03000 0.68000 0
1 1145.50000 207.00000 0.40 -0.03000 0.68000 0
1 1191.50000 248.00000 0.40 -0.03000 0.68000 0
1 1242.50000 267.00000 0.40 -0.03000 0.68000 0
1 1208.50000 345.00000 0.40 -0.03000 0.68000 0
1 1095.50000 354.00000 0.40 -0.03000 0.68000 0
1 1293.50000 295.00000 0.40 -0.03000 0.68000 0
1 1317.50000 358.00000 0.40 -0.03000 0.68000 0
1 1240.50000 374.00000 0.40 -0.03000 0.68000 0
1 1150.50000 406.00000 0.40 -0.03000 0.68000 0
1 1296.50000 201.00000 0.40 -0.03000 0.68000 0
1 1221.50000 158.00000 0.40 -0.03000 0.68000 0
2 1385.00000 606.00000 6.00 -1.04000 -4.58000 0
30 1438.00000 231.00000 0.05 0.00000 0.00000 1 20.00000
30 1439.00000 248.00000 0.05 0.00000 0.00000 1 20.00000
30 1440.00000 265.00000 0.05 0.00000 0.00000 1 20.00000
30 1440.00000 280.00000 0.05 0.00000 0.00000 1 20.00000
30 1440.00000 297.00000 0.05 0.00000 0.00000 1 20.00000
30 1454.00000 262.00000 0.05 0.00000 0.00000 1 20.00000
30 1470.00000 262.00000 0.05 0.00000 0.00000 1 20.00000
30 1484.00000 233.00000 0.05 0.00000 0.00000 1 20.00000
30 1484.00000 246.00000 0.05 0.00000 0.00000 1 20.00000
30 1484.00000 261.00000 0.05 0.00000 0.00000 1 20.00000
30 1483.00000 276.00000 0.05 0.00000 0.00000 1 20.00000
30 1482.00000 291.00000 0.05 0.00000 0.00000 1 20.00000
30 1513.00000 229.00000 0.05 0.00000 0.00000 1 20.00000
30 1525.00000 229.00000 0.05 0.00000 0.00000 1 20.00000
30 1537.00000 228.00000 0.05 0.00000 0.00000 1 20.00000
30 1524.00000 243.00000 0.05 0.00000 0.00000 1 20.00000
30 1524.00000 254.00000 0.05 0.00000 0.00000 1 20.00000
30 1525.00000 273.00000 0.05 0.00000 0.00000 1 20.00000
30 1524.00000 290.00000 0.05 0.00000 0.00000 1 20.00000
30 1511.00000 293.00000 0.05 0.00000 0.00000 1 20.00000
30 1536.00000 294.00000 0.05 0.00000 0.00000 1 20.00000
31 642.50000 252.50000 0.05 0.00000 0.00000 1 0.50000
31 642.50000 292.50000 0.05 0.00000 0.00000 1 0.50000
32 678.50000 248.50000 0.05 0.00000 0.00000 1 0.50000
32 680.50000 283.50000 0.05 0.00000 0.00000 1 0.50000
0 799.50000 181.00000 0.10 0.00000 0.00000 0
0 837.50000 156.00000 0.10 0.00000 0.00000 0
0 875.50000 136.00000 0.10 0.00000 0.00000 0
0 919.00000 109.00000 0.10 0.00000 0.00000 0
0 806.50000 141.00000 0.10 0.00000 0.00000 0
0 851.50000 103.00000 0.10 0.00000 0.00000 0
0 940.50000 82.00000 0.10 0.00000 0.00000 0
0 981.50000 73.00000 0.10 0.00000 0.00000 0
0 948.50000 61.00000 0.10 0.00000 0.00000 0
0 896.50000 70.00000 0.10 0.00000 0.00000 0
0 853.50000 80.00000 0.10 0.00000 0.00000 0
0 827.50000 59.00000 0.10 0.00000 0.00000 0
0 860.50000 25.00000 0.10 0.00000 0.00000 0
0 905.50000 11.00000 0.10 0.00000 0.00000 0
0 987.50000 19.00000 0.10 0.00000 0.00000 0
0 896.50000 34.00000 0.10 0.00000 0.00000 0
0 985.50000 45.00000 0.10 0.00000 0.00000 0
0 798.50000 377.00000 0.10 0.00000 0.00000 0
0 817.50000 383.00000 0.10 0.00000 0.00000 0
0 832.50000 388.00000 0.10 0.00000 0.00000 0
0 863.50000 405.00000 0.10 0.00000 0.00000 0
0 894.50000 428.00000 0.10 0.00000 0.00000 0
0 932.50000 461.00000 0.10 0.00000 0.00000 0
0 962.50000 489.00000 0.10 0.00000 0.00000 0
0 996.50000 528.00000 0.10 0.00000 0.00000 0
0 999.50000 553.00000 0.10 0.00000 0.00000 0
0 807.50000 419.00000 0.10 0.00000 0.00000 0
0 826.50000 434.00000 0.10 0.00000 0.00000 0
0 846.50000 452.00000 0.10 0.00000 0.00000 0
0 905.50000 498.00000 0.10 0.00000 0.00000 0
0 941.50000 539.00000 0.10 0.00000 0.00000 0
0 924.50000 565.00000 0.10 0.00000 0.00000 0
0 867.50000 566.00000 0.10 0.00000 0.00000 0
0 805.50000 554.00000 0.10 0.00000 0.00000 0
0 848.50000 536.00000 0.10 0.00000 0.00000 0
0 868.50000 506.00000 0.10 0.00000 0.00000 0
0 836.50000 474.00000 0.10 0.00000 0.00000 0
0 863.50000 471.00000 0.10 0.00000 0.00000 0
0 954.50000 15.00000 0.10 0.00000 0.00000 0
0 813.50000 18.00000 0.10 0.00000 0.00000 0
0 829.50000 21.00000 0.10 0.00000 0.00000 0
0 1026.50000 5.00000 0.10 0.00000 0.00000 0
0 1030.50000 40.00000 0.10 0.00000 0.00000 0
0 1025.50000 69.00000 0.10 0.00000 0.00000 0
0 1689.50000 0.00000 0.10 0.00000 0.00000 0
0 1765.50000 0.00000 0.10 0.00000 0.00000 0
0 1807.50000 2.00000 0.10 0.00000 0.00000 0
0 1869.50000 8.00000 0.10 0.00000 0.00000 0
0 1896.50000 19.00000 0.10 0.00000 0.00000 0
0 1849.50000 33.00000 0.10 0.00000 0.00000 0
0 1777.50000 35.00000 0.10 0.00000 0.00000 0
0 1715.50000 34.00000 0.10 0.00000 0.00000 0
0 1676.50000 45.00000 0.10 0.00000 0.00000 0
0 1679.50000 57.00000 0.10 0.00000 0.00000 0
0 1776.50000 66.00000 0.10 0.00000 0.00000 0
0 1878.50000 57.00000 0.10 0.00000 0.00000 0
0 1927.50000 62.00000 0.10 0.00000 0.00000 0
0 1882.50000 78.00000 0.10 0.00000 0.00000 0
0 1798.50000 79.00000 0.10 0.00000 0.00000 0
0 1669.50000 85.00000 0.10 0.00000 0.00000 0
0 1633.50000 62.00000 0.10 0.00000 0.00000 0
0 1655.50000 19.00000 0.10 0.00000 0.00000 0
0 1676.50000 17.00000 0.10 0.00000 0.00000 0
0 1735.50000 17.00000 0.10 0.00000 0.00000 0
0 1748.50000 59.00000 0.10 0.00000 0.00000 0
0 1714.50000 76.00000 0.10 0.00000 0.00000 0
0 1745.50000 81.00000 0.10 0.00000 0.00000 0
0 1833.50000 82.00000 0.10 0.00000 0.00000 0
0 1820.50000 44.00000 0.10 0.00000 0.00000 0
0 1849.50000 63.00000 0.10 0.00000 0.00000 0
0 1672.50000 110.00000 0.10 0.00000 0.00000 0
0 1779.50000 110.00000 0.10 0.00000 0.00000 0
0 1856.50000 112.00000 0.10 0.00000 0.00000 0
0 1915.50000 115.00000 0.10 0.00000 0.00000 0
0 1920.50000 132.00000 0.10 0.00000 0.00000 0
0 1816.50000 150.00000 0.10 0.00000 0.00000 0
0 1719.50000 144.00000 0.10 0.00000 0.00000 0
0 1640.50000 146.00000 0.10 0.00000 0.00000 0
0 1694.50000 167.00000 0.10 0.00000 0.00000 0
0 1905.50000 175.00000 0.10 0.00000 0.00000 0
0 1932.50000 160.00000 0.10 0.00000 0.00000 0
0 1842.50000 145.00000 0.10 0.00000 0.00000 0
0 1768.50000 135.00000 0.10 0.00000 0.00000 0
0 1794.50000 165.00000 0.10 0.00000 0.00000 0
0 1759.50000 166.00000 0.10 0.00000 0.00000 0
0 1729.50000 113.00000 0.10 0.00000 0.00000 0
0 1867.50000 167.00000 0.10 0.00000 0.00000 0
0 1646.50000 296.00000 0.10 0.00000 0.00000 0
0 1688.50000 297.00000 0.10 0.00000 0.00000 0
0 1758.50000 299.00000 0.10 0.00000 0.00000 0
0 1811.50000 301.00000 0.10 0.00000 0.00000 0
0 1878.50000 304.00000 0.10 0.00000 0.00000 0
0 1910.50000 315.00000 0.10 0.00000 0.00000 0
0 1911.50000 324.00000 0.10 0.00000 0.00000 0
0 1880.50000 337.00000 0.10 0.00000 0.00000 0
0 1760.50000 332.00000 0.10 0.00000 0.00000 0
0 1664.50000 331.00000 0.10 0.00000 0.00000 0
0 1631.50000 353.00000 0.10 0.00000 0.00000 0
0 1668.50000 363.00000 0.10 0.00000 0.00000 0
0 1781.50000 362.00000 0.10 0.00000 0.00000 0
0 1916.50000 365.00000 0.10 0.00000 0.00000 0
0 1929.50000 385.00000 0.10 0.00000 0.00000 0
0 1825.50000 398.00000 0.10 0.00000 0.00000 0
0 1685.50000 398.00000 0.10 0.00000 0.00000 0
0 1650.50000 414.00000 0.10 0.00000 0.00000 0
0 1745.50000 421.00000 0.10 0.00000 0.00000 0
0 1711.50000 353.00000 0.10 0.00000 0.00000 0
0 1704.50000 325.00000 0.10 0.00000 0.00000 0
0 1773.50000 405.00000 0.10 0.00000 0.00000 0
0 1810.50000 361.00000 0.10 0.00000 0.00000 0
0 1842.50000 379.00000 0.10 0.00000 0.00000 0
0 1850.50000 408.00000 0.10 0.00000 0.00000 0
0 1794.50000 443.00000 0.10 0.00000 0.00000 0
0 1671.50000 462.00000 0.10 0.00000 0.00000 0
0 1726.50000 515.00000 0.10 0.00000 0.00000 0
0 1804.50000 506.00000 0.10 0.00000 0.00000 0
0 1622.50000 393.00000 0.10 0.00000 0.00000 0
0 1628.50000 470.00000 0.10 0.00000 0.00000 0
0 1629.50000 510.00000 0.10 0.00000 0.00000 0
0 1632.50000 550.00000 0.10 0.00000 0.00000 0
0 1682.50000 558.00000 0.10 0.00000 0.00000 0
0 1678.50000 509.00000 0.10 0.00000 0.00000 0
0 1696.50000 486.00000 0.10 0.00000 0.00000 0
0 1747.50000 469.00000 0.10 0.00000 0.00000 0
0 1702.50000 430.00000 0.10 0.00000 0.00000 0
0 1762.50000 530.00000 0.10 0.00000 0.00000 0
0 1760.50000 553.00000 0.10 0.00000 0.00000 0
0 1845.50000 561.00000 0.10 0.00000 0.00000 0
0 1916.50000 562.00000 0.10 0.00000 0.00000 0
0 1962.50000 559.00000 0.10 0.00000 0.00000 0
0 1938.50000 535.00000 0.10 0.00000 0.00000 0
0 1862.50000 533.00000 0.10 0.00000 0.00000 0
0 1847.50000 504.00000 0.10 0.00000 0.00000 0
0 1959.50000 484.00000 0.10 0.00000 0.00000 0
0 1872.50000 469.00000 0.10 0.00000 0.00000 0
0 1819.50000 474.00000 0.10 0.00000 0.00000 0
0 1866.50000 441.00000 0.10 0.00000 0.00000 0
0 1922.50000 412.00000 0.10 0.00000 0.00000 0
0 1927.50000 485.00000 0.10 0.00000 0.00000 0
0 1898.50000 516.00000 0.10 0.00000 0.00000 0
0 1917.50000 458.00000 0.10 0.00000 0.00000 0
0 1885.50000 391.00000 0.10 0.00000 0.00000 0
0 1841.50000 345.00000 0.10 0.00000 0.00000 0
0 1742.50000 381.00000 0.10 0.00000 0.00000 0
0 1957.50000 28.00000 0.10 0.00000 0.00000 0
0 1940.50000 95.00000 0.10 0.00000 0.00000 0
0 1958.50000 190.00000 0.10 0.00000 0.00000 0
0 1979.50000 201.00000 0.10 0.00000 0.00000 0
0 1986.50000 208.00000 0.10 0.00000 0.00000 0
0 2010.50000 229.00000 0.10 0.00000 0.00000 0
0 2042.50000 257.00000 0.10 0.00000 0.00000 0
0 2065.50000 281.00000 0.10 0.00000 0.00000 0
0 1950.50000 337.00000 0.10 0.00000 0.00000 0
0 1981.50000 380.00000 0.10 0.00000 0.00000 0
0 1973.50000 399.00000 0.10 0.00000 0.00000 0
0 1961.50000 429.00000 0.10 0.00000 0.00000 0
0 1968.50000 449.00000 0.10 0.00000 0.00000 0
0 2026.50000 449.00000 0.10 0.00000 0.00000 0
0 2010.50000 396.00000 0.10 0.00000 0.00000 0
0 2012.50000 409.00000 0.10 0.00000 0.00000 0
0 2000.50000 459.00000 0.10 0.00000 0.00000 0
0 1994.50000 519.00000 0.10 0.00000 0.00000 0
0 2006.50000 532.00000 0.10 0.00000 0.00000 0
0 2031.50000 552.00000 0.10 0.00000 0.00000 0
0 2067.50000 554.00000 0.10 0.00000 0.00000 0
0 2035.50000 492.00000 0.10 0.00000 0.00000 0
0 2053.50000 459.00000 0.10 0.00000 0.00000 0
0 2059.50000 424.00000 0.10 0.00000 0.00000 0
0 2102.50000 495.00000 0.10 0.00000 0.00000 0
0 2116.50000 510.00000 0.10 0.00000 0.00000 0
0 2054.50000 520.00000 0.10 0.00000 0.00000 0
0 2095.50000 534.00000 0.10 0.00000 0.00000 0
0 2141.50000 553.00000 0.10 0.00000 0.00000 0
0 2179.50000 573.00000 0.10 0.00000 0.00000 0
0 2117.50000 548.00000 0.10 0.00000 0.00000 0
0 2080.50000 467.00000 0.10 0.00000 0.00000 0
0 2141.50000 497.00000 0.10 0.00000 0.00000 0
0 2173.50000 527.00000 0.10 0.00000 0.00000 0
0 2109.50000 298.00000 0.10 0.00000 0.00000 0
0 2131.50000 311.00000 0.10 0.00000 0.00000 0
0 2144.50000 325.00000 0.10 0.00000 0.00000 0
0 2177.50000 346.00000 0.10 0.00000 0.00000 0
0 2219.50000 364.00000 0.10 0.00000 0.00000 0
0 2237.50000 365.00000 0.10 0.00000 0.00000 0
0 2219.50000 534.00000 0.10 0.00000 0.00000 0
0 2258.50000 560.00000 0.10 0.00000 0.00000 0
0 2231.50000 570.00000 0.10 0.00000 0.00000 0
0 2196.50000 551.00000 0.10 0.00000 0.00000 0
0 1995.50000 21.00000 0.10 0.00000 0.00000 0
0 1977.50000 57.00000 0.10 0.00000 0.00000 0
0 1977.50000 97.00000 0.10 0.00000 0.00000 0
0 1981.50000 143.00000 0.10 0.00000 0.00000 0
0 1991.50000 169.00000 0.10 0.00000 0.00000 0
0 2022.50000 186.00000 0.10 0.00000 0.00000 0
0 2046.50000 203.00000 0.10 0.00000 0.00000 0
0 2097.50000 244.00000 0.10 0.00000 0.00000 0
0 2065.50000 213.00000 0.10 0.00000 0.00000 0
0 2038.50000 149.00000 0.10 0.00000 0.00000 0
0 2093.50000 183.00000 0.10 0.00000 0.00000 0
0 2130.50000 220.00000 0.10 0.00000 0.00000 0
0 2166.50000 282.00000 0.10 0.00000 0.00000 0
0 2196.50000 305.00000 0.10 0.00000 0.00000 0
0 2220.50000 317.00000 0.10 0.00000 0.00000 0
0 2233.50000 276.00000 0.10 0.00000 0.00000 0
0 2217.50000 240.00000 0.10 0.00000 0.00000 0
0 2185.50000 182.00000 0.10 0.00000 0.00000 0
0 2118.50000 98.00000 0.10 0.00000 0.00000 0
0 2060.50000 89.00000 0.10 0.00000 0.00000 0
0 2032.50000 41.00000 0.10 0.00000 0.00000 0
0 2109.50000 26.00000 0.10 0.00000 0.00000 0
0 2206.50000 17.00000 0.10 0.00000 0.00000 0
0 2212.50000 56.00000 0.10 0.00000 0.00000 0
0 2184.50000 99.00000 0.10 0.00000 0.00000 0
0 2127.50000 63.00000 0.10 0.00000 0.00000 0
0 2049.50000 64.00000 0.10 0.00000 0.00000 0
0 2050.50000 119.00000 0.10 0.00000 0.00000 0
0 2123.50000 138.00000 0.10 0.00000 0.00000 0
0 2179.50000 149.00000 0.10 0.00000 0.00000 0
0 2165.50000 228.00000 0.10 0.00000 0.00000 0
0 2196.50000 223.00000 0.10 0.00000 0.00000 0
0 2226.50000 153.00000 0.10 0.00000 0.00000 0
0 2219.50000 90.00000 0.10 0.00000 0.00000 0
0 2172.50000 35.00000 0.10 0.00000 0.00000 0
0 2135.50000 10.00000 0.10 0.00000 0.00000 0
0 2071.50000 10.00000 0.10 0.00000 0.00000 0
0 2089.50000 47.00000 0.10 0.00000 0.00000 0
0 2148.50000 180.00000 0.10 0.00000 0.00000 0
0 2096.50000 139.00000 0.10 0.00000 0.00000 0
0 2091.50000 159.00000 0.10 0.00000 0.00000 0
0 2163.50000 109.00000 0.10 0.00000 0.00000 0
0 2148.50000 69.00000 0.10 0.00000 0.00000 0
0 2223.50000 128.00000 0.10 0.00000 0.00000 0
0 2243.50000 188.00000 0.10 0.00000 0.00000 0
0 2168.50000 254.00000 0.10 0.00000 0.00000 0
0 2132.50000 271.00000 0.10 0.00000 0.00000 0
0 2018.50000 91.00000 0.10 0.00000 0.00000 0
0 2014.50000 117.00000 0.10 0.00000 0.00000 0
0 2035.50000 5.00000 0.10 0.00000 0.00000 0
0 1947.50000 5.00000 0.10 0.00000 0.00000 0
0 1889.50000 127.00000 0.10 0.00000 0.00000 0
0 2347.50000 355.00000 0.10 -0.01000 -0.94000 0
0 2346.50000 311.00000 0.10 -0.01000 -0.94000 0
0 2346.50000 287.00000 0.10 -0.01000 -0.94000 0
0 2345.50000 233.00000 0.10 -0.01000 -0.94000 0
0 2344.50000 196.00000 0.10 -0.01000 -0.94000 0
0 2343.50000 162.00000 0.10 -0.01000 -0.94000 0
0 2346.50000 136.00000 0.10 -0.01000 -0.94000 0
0 2343.50000 88.00000 0.10 -0.01000 -0.94000 0
0 2347.50000 34.00000 0.10 -0.01000 -0.94000 0
0 2367.50000 21.00000 0.10 -0.01000 -0.94000 0
0 2383.50000 90.00000 0.10 -0.01000 -0.94000 0
0 2384.50000 166.00000 0.10 -0.01000 -0.94000 0
0 2381.50000 244.00000 0.10 -0.01000 -0.94000 0
0 2377.50000 339.00000 0.10 -0.01000 -0.94000 0
0 2415.50000 344.00000 0.10 -0.01000 -0.94000 0
0 2396.50000 291.00000 0.10 -0.01000 -0.94000 0
0 2385.50000 311.00000 0.10 -0.01000 -0.94000 0
0 2423.50000 324.00000 0.10 -0.01000 -0.94000 0
0 2341.50000 602.00000 0.10 -0.01000 -0.94000 0
0 2387.50000 606.00000 0.10 -0.01000 -0.94000 0
0 2450.50000 607.00000 0.10 -0.01000 -0.94000 0
0 2527.50000 613.00000 0.10 -0.01000 -0.94000 0
0 2532.50000 628.00000 0.10 -0.01000 -0.94000 0
0 2478.50000 636.00000 0.10 -0.01000 -0.94000 0
0 2406.50000 641.00000 0.10 -0.01000 -0.94000 0
0 2348.50000 637.00000 0.10 -0.01000 -0.94000 0
0 2318.50000 674.00000 0.10 -0.01000 -0.94000 0
0 2350.50000 683.00000 0.10 -0.01000 -0.94000 0
0 2413.50000 684.00000 0.10 -0.01000 -0.94000 0
0 2516.50000 682.00000 0.10 -0.01000 -0.94000 0
0 2539.50000 702.00000 0.10 -0.01000 -0.94000 0
0 2463.50000 722.00000 0.10 -0.01000 -0.94000 0
0 2360.50000 723.00000 0.10 -0.01000 -0.94000 0
0 2325.50000 740.00000 0.10 -0.01000 -0.94000 0
0 2395.50000 772.00000 0.10 -0.01000 -0.94000 0
0 2524.50000 757.00000 0.10 -0.01000 -0.94000 0
0 2563.50000 784.00000 0.10 -0.01000 -0.94000 0
0 2484.50000 797.00000 0.10 -0.01000 -0.94000 0
0 2367.50000 805.00000 0.10 -0.01000 -0.94000 0
0 2379.50000 843.00000 0.10 -0.01000 -0.94000 0
0 2557.50000 839.00000 0.10 -0.01000 -0.94000 0
0 2340.50000 831.00000 0.10 -0.01000 -0.94000 0
0 2363.50000 748.00000 0.10 -0.01000 -0.94000 0
0 2428.50000 734.00000 0.10 -0.01000 -0.94000 0
0 2453.50000 791.00000 0.10 -0.01000 -0.94000 0
0 2428.50000 822.00000 0.10 -0.01000 -0.94000 0
0 2478.50000 761.00000 0.10 -0.01000 -0.94000 0
0 2463.50000 686.00000 0.10 -0.01000 -0.94000 0
0 2444.50000 658.00000 0.10 -0.01000 -0.94000 0
0 2492.50000 709.00000 0.10 -0.01000 -0.94000 0
0 2348.50000 865.00000 0.10 -0.01000 -0.94000 0
0 2428.50000 865.00000 0.10 -0.01000 -0.94000 0
0 2476.50000 848.00000 0.10 -0.01000 -0.94000 0
0 2521.50000 843.00000 0.10 -0.01000 -0.94000 0
0 2561.50000 867.00000 0.10 -0.01000 -0.94000 0
0 2536.50000 889.00000 0.10 -0.01000 -0.94000 0
0 2438.50000 893.00000 0.10 -0.01000 -0.94000 0
0 2340.50000 896.00000 0.10 -0.01000 -0.94000 0
0 2331.50000 917.00000 0.10 -0.01000 -0.94000 0
0 2426.50000 931.00000 0.10 -0.01000 -0.94000 0
0 2528.50000 928.00000 0.10 -0.01000 -0.94000 0
0 2591.50000 939.00000 0.10 -0.01000 -0.94000 0
0 2523.50000 970.00000 0.10 -0.01000 -0.94000 0
0 2417.50000 962.00000 0.10 -0.01000 -0.94000 0
0 2344.50000 976.00000 0.10 -0.01000 -0.94000 0
0 2378.50000 996.00000 0.10 -0.01000 -0.94000 0
0 2436.50000 1007.00000 0.10 -0.01000 -0.94000 0
0 2395.50000 921.00000 0.10 -0.01000 -0.94000 0
0 2404.50000 886.00000 0.10 -0.01000 -0.94000 0
0 2384.50000 942.00000 0.10 -0.01000 -0.94000 0
0 2490.50000 925.00000 0.10 -0.01000 -0.94000 0
0 2477.50000 957.00000 0.10 -0.01000 -0.94000 0
0 2494.50000 984.00000 0.10 -0.01000 -0.94000 0
0 2505.50000 899.00000 0.10 -0.01000 -0.94000 0
0 2571.50000 907.00000 0.10 -0.01000 -0.94000 0
0 2583.50000 961.00000 0.10 -0.01000 -0.94000 0
0 2581.50000 751.00000 0.10 -0.01000 -0.94000 0
0 2573.50000 679.00000 0.10 -0.01000 -0.94000 0
0 2582.50000 622.00000 0.10 -0.01000 -0.94000 0
0 2620.50000 639.00000 0.10 -0.01000 -0.94000 0
0 2615.50000 662.00000 0.10 -0.01000 -0.94000 0
0 2610.50000 714.00000 0.10 -0.01000 -0.94000 0
0 2620.50000 790.00000 0.10 -0.01000 -0.94000 0
0 2627.50000 868.00000 0.10 -0.01000 -0.94000 0
0 2606.50000 879.00000 0.10 -0.01000 -0.94000 0
0 2589.50000 822.00000 0.10 -0.01000 -0.94000 0
0 2629.50000 928.00000 0.10 -0.01000 -0.94000 0
0 2637.50000 946.00000 0.10 -0.01000 -0.94000 0
0 2644.50000 909.00000 0.10 -0.01000 -0.94000 0
0 2462.50000 355.00000 0.10 -0.01000 -0.94000 0
0 2542.50000 359.00000 0.10 -0.01000 -0.94000 0
0 2607.50000 366.00000 0.10 -0.01000 -0.94000 0
0 2620.50000 332.00000 0.10 -0.01000 -0.94000 0
0 2542.50000 328.00000 0.10 -0.01000 -0.94000 0
0 2494.50000 325.00000 0.10 -0.01000 -0.94000 0
0 2457.50000 305.00000 0.10 -0.01000 -0.94000 0
0 2504.50000 295.00000 0.10 -0.01000 -0.94000 0
0 2581.50000 301.00000 0.10 -0.01000 -0.94000 0
0 2609.50000 279.00000 0.10 -0.01000 -0.94000 0
0 2552.50000 254.00000 0.10 -0.01000 -0.94000 0
0 2479.50000 251.00000 0.10 -0.01000 -0.94000 0
0 2437.50000 242.00000 0.10 -0.01000 -0.94000 0
0 2467.50000 209.00000 0.10 -0.01000 -0.94000 0
0 2555.50000 224.00000 0.10 -0.01000 -0.94000 0
0 2624.50000 220.00000 0.10 -0.01000 -0.94000 0
0 2564.50000 187.00000 0.10 -0.01000 -0.94000 0
0 2479.50000 183.00000 0.10 -0.01000 -0.94000 0
0 2407.50000 205.00000 0.10 -0.01000 -0.94000 0
0 2448.50000 148.00000 0.10 -0.01000 -0.94000 0
0 2506.50000 130.00000 0.10 -0.01000 -0.94000 0
0 2524.50000 173.00000 0.10 -0.01000 -0.94000 0
0 2510.50000 223.00000 0.10 -0.01000 -0.94000 0
0 2618.50000 185.00000 0.10 -0.01000 -0.94000 0
0 2590.50000 142.00000 0.10 -0.01000 -0.94000 0
0 2565.50000 138.00000 0.10 -0.01000 -0.94000 0
0 2417.50000 127.00000 0.10 -0.01000 -0.94000 0
0 2459.50000 103.00000 0.10 -0.01000 -0.94000 0
0 2433.50000 76.00000 0.10 -0.01000 -0.94000 0
0 2429.50000 37.00000 0.10 -0.01000 -0.94000 0
0 2379.50000 58.00000 0.10 -0.01000 -0.94000 0
0 2457.50000 10.00000 0.10 -0.01000 -0.94000 0
0 2499.50000 30.00000 0.10 -0.01000 -0.94000 0
0 2499.50000 99.00000 0.10 -0.01000 -0.94000 0
0 2534.50000 98.00000 0.10 -0.01000 -0.94000 0
0 2533.50000 42.00000 0.10 -0.01000 -0.94000 0
0 2579.50000 10.00000 0.10 -0.01000 -0.94000 0
0 2605.50000 54.00000 0.10 -0.01000 -0.94000 0
0 2602.50000 108.00000 0.10 -0.01000 -0.94000 0
0 2506.50000 78.00000 0.10 -0.01000 -0.94000 0
0 2580.50000 74.00000 0.10 -0.01000 -0.94000 0
0 2631.50000 23.00000 0.10 -0.01000 -0.94000 0
0 2647.50000 119.00000 0.10 -0.01000 -0.94000 0
0 2644.50000 159.00000 0.10 -0.01000 -0.94000 0
0 2666.50000 205.00000 0.10 -0.01000 -0.94000 0
0 2662.50000 257.00000 0.10 -0.01000 -0.94000 0
0 2649.50000 294.00000 0.10 -0.01000 -0.94000 0
0 2651.50000 316.00000 0.10 -0.01000 -0.94000 0
0 2652.50000 358.00000 0.10 -0.01000 -0.94000 0
0 2400.50000 383.00000 0.10 -0.01000 -0.94000 0
0 2455.50000 382.00000 0.10 -0.01000 -0.94000 0
0 2528.50000 383.00000 0.10 -0.01000 -0.94000 0
0 2600.50000 385.00000 0.10 -0.01000 -0.94000 0
0 2647.50000 391.00000 0.10 -0.01000 -0.94000 0
0 2369.50000 391.00000 0.10 -0.01000 -0.94000 0
0 2650.50000 622.00000 0.10 -0.01000 -0.94000 0
0 2650.50000 660.00000 0.10 -0.01000 -0.94000 0
0 2657.50000 750.00000 0.10 -0.01000 -0.94000 0
0 2664.50000 794.00000 0.10 -0.01000 -0.94000 0
0 2677.50000 837.00000 0.10 -0.01000 -0.94000 0
0 2688.50000 885.00000 0.10 -0.01000 -0.94000 0
0 2685.50000 922.00000 0.10 -0.01000 -0.94000 0
0 2685.50000 946.00000 0.10 -0.01000 -0.94000 0
0 2676.50000 979.00000 0.10 -0.01000 -0.94000 0
0 2390.50000 1034.00000 0.10 -0.01000 -0.94000 0
0 2453.50000 1039.00000 0.10 -0.01000 -0.94000 0
0 2517.50000 1015.00000 0.10 -0.01000 -0.94000 0
0 2621.50000 1007.00000 0.10 -0.01000 -0.94000 0
0 2674.50000 1019.00000 0.10 -0.01000 -0.94000 0
0 2661.50000 1036.00000 0.10 -0.01000 -0.94000 0
0 2540.50000 1055.00000 0.10 -0.01000 -0.94000 0
0 2384.50000 1065.00000 0.10 -0.01000 -0.94000 0
0 2362.50000 1062.00000 0.10 -0.01000 -0.94000 0
0 2348.50000 1018.00000 0.10 -0.01000 -0.94000 0
0 2461.50000 1066.00000 0.10 -0.01000 -0.94000 0
0 2503.50000 1074.00000 0.10 -0.01000 -0.94000 0
0 2600.50000 1036.00000 0.10 -0.01000 -0.94000 0
0 2567.50000 1000.00000 0.10 -0.01000 -0.94000 0
0 2723.50000 191.00000 0.10 0.01000 0.82000 0
0 2768.50000 190.00000 0.10 0.01000 0.82000 0
0 2815.50000 190.00000 0.10 0.01000 0.82000 0
0 2891.50000 189.00000 0.10 0.01000 0.82000 0
0 2956.50000 191.00000 0.10 0.01000 0.82000 0
0 3019.50000 203.00000 0.10 0.01000 0.82000 0
0 3019.50000 217.00000 0.10 0.01000 0.82000 0
0 2964.50000 222.00000 0.10 0.01000 0.82000 0
0 2837.50000 222.00000 0.10 0.01000 0.82000 0
0 2765.50000 222.00000 0.10 0.01000 0.82000 0
0 2731.50000 237.00000 0.10 0.01000 0.82000 0
0 2733.50000 252.00000 0.10 0.01000 0.82000 0
0 2819.50000 258.00000 0.10 0.01000 0.82000 0
0 2941.50000 256.00000 0.10 0.01000 0.82000 0
0 3031.50000 266.00000 0.10 0.01000 0.82000 0
0 3011.50000 288.00000 0.10 0.01000 0.82000 0
0 2913.50000 292.00000 0.10 0.01000 0.82000 0
0 2823.50000 287.00000 0.10 0.01000 0.82000 0
0 2766.50000 286.00000 0.10 0.01000 0.82000 0
0 2741.50000 287.00000 0.10 0.01000 0.82000 0
0 2764.50000 326.00000 0.10 0.01000 0.82000 0
0 2884.50000 324.00000 0.10 0.01000 0.82000 0
0 2979.50000 326.00000 0.10 0.01000 0.82000 0
0 3039.50000 346.00000 0.10 0.01000 0.82000 0
0 2990.50000 367.00000 0.10 0.01000 0.82000 0
0 2892.50000 363.00000 0.10 0.01000 0.82000 0
0 2799.50000 357.00000 0.10 0.01000 0.82000 0
0 2733.50000 376.00000 0.10 0.01000 0.82000 0
0 2770.50000 399.00000 0.10 0.01000 0.82000 0
0 2866.50000 404.00000 0.10 0.01000 0.82000 0
0 2976.50000 404.00000 0.10 0.01000 0.82000 0
0 3040.50000 412.00000 0.10 0.01000 0.82000 0
0 2978.50000 443.00000 0.10 0.01000 0.82000 0
0 2841.50000 443.00000 0.10 0.01000 0.82000 0
0 2760.50000 446.00000 0.10 0.01000 0.82000 0
0 2777.50000 481.00000 0.10 0.01000 0.82000 0
0 2882.50000 489.00000 0.10 0.01000 0.82000 0
0 2995.50000 484.00000 0.10 0.01000 0.82000 0
0 3043.50000 514.00000 0.10 0.01000 0.82000 0
0 2904.50000 530.00000 0.10 0.01000 0.82000 0
0 2782.50000 529.00000 0.10 0.01000 0.82000 0
0 2755.50000 572.00000 0.10 0.01000 0.82000 0
0 2846.50000 569.00000 0.10 0.01000 0.82000 0
0 2959.50000 569.00000 0.10 0.01000 0.82000 0
0 3024.50000 571.00000 0.10 0.01000 0.82000 0
0 2835.50000 510.00000 0.10 0.01000 0.82000 0
0 2930.50000 470.00000 0.10 0.01000 0.82000 0
0 2922.50000 420.00000 0.10 0.01000 0.82000 0
0 2935.50000 367.00000 0.10 0.01000 0.82000 0
0 2867.50000 244.00000 0.10 0.01000 0.82000 0
0 2839.50000 329.00000 0.10 0.01000 0.82000 0
0 2829.50000 392.00000 0.10 0.01000 0.82000 0
0 2742.50000 506.00000 0.10 0.01000 0.82000 0
0 2737.50000 426.00000 0.10 0.01000 0.82000 0
0 2967.50000 516.00000 0.10 0.01000 0.82000 0
0 3066.50000 467.00000 0.10 0.01000 0.82000 0
0 3062.50000 563.00000 0.10 0.01000 0.82000 0
0 2709.50000 -28.00000 0.10 0.01000 0.82000 0
0 2762.50000 -28.00000 0.10 0.01000 0.82000 0
0 2819.50000 -28.00000 0.10 0.01000 0.82000 0
0 2893.50000 -25.00000 0.10 0.01000 0.82000 0
0 2968.50000 -21.00000 0.10 0.01000 0.82000 0
0 3032.50000 -19.00000 0.10 0.01000 0.82000 0
0 3047.50000 -44.00000 0.10 0.01000 0.82000 0
0 2976.50000 -46.00000 0.10 0.01000 0.82000 0
0 2858.50000 -45.00000 0.10 0.01000 0.82000 0
0 2780.50000 -50.00000 0.10 0.01000 0.82000 0
0 2709.50000 -58.00000 0.10 0.01000 0.82000 0
0 2726.50000 -90.00000 0.10 0.01000 0.82000 0
0 2806.50000 -82.00000 0.10 0.01000 0.82000 0
0 2871.50000 -78.00000 0.10 0.01000 0.82000 0
0 2961.50000 -74.00000 0.10 0.01000 0.82000 0
0 3015.50000 -73.00000 0.10 0.01000 0.82000 0
0 2995.50000 -91.00000 0.10 0.01000 0.82000 0
0 2889.50000 -97.00000 0.10 0.01000 0.82000 0
0 2804.50000 -107.00000 0.10 0.01000 0.82000 0
0 2716.50000 -123.00000 0.10 0.01000 0.82000 0
0 2781.50000 -139.00000 0.10 0.01000 0.82000 0
0 2858.50000 -133.00000 0.10 0.01000 0.82000 0
0 2908.50000 -127.00000 0.10 0.01000 0.82000 0
0 2996.50000 -121.00000 0.10 0.01000 0.82000 0
0 3049.50000 -137.00000 0.10 0.01000 0.82000 0
0 2997.50000 -154.00000 0.10 0.01000 0.82000 0
0 2885.50000 -155.00000 0.10 0.01000 0.82000 0
0 2756.50000 -159.00000 0.10 0.01000 0.82000 0
0 2707.50000 -183.00000 0.10 0.01000 0.82000 0
0 2772.50000 -208.00000 0.10 0.01000 0.82000 0
0 2866.50000 -194.00000 0.10 0.01000 0.82000 0
0 2981.50000 -188.00000 0.10 0.01000 0.82000 0
0 3037.50000 -213.00000 0.10 0.01000 0.82000 0
0 2939.50000 -235.00000 0.10 0.01000 0.82000 0
0 2829.50000 -244.00000 0.10 0.01000 0.82000 0
0 2742.50000 -242.00000 0.10 0.01000 0.82000 0
0 2701.50000 -275.00000 0.10 0.01000 0.82000 0
0 2776.50000 -276.00000 0.10 0.01000 0.82000 0
0 2912.50000 -267.00000 0.10 0.01000 0.82000 0
0 3013.50000 -264.00000 0.10 0.01000 0.82000 0
0 2869.50000 -296.00000 0.10 0.01000 0.82000 0
0 2828.50000 -285.00000 0.10 0.01000 0.82000 0
0 2891.50000 -236.00000 0.10 0.01000 0.82000 0
0 2938.50000 -168.00000 0.10 0.01000 0.82000 0
0 2818.50000 -173.00000 0.10 0.01000 0.82000 0
0 2933.50000 -126.00000 0.10 0.01000 0.82000 0
0 2929.50000 -61.00000 0.10 0.01000 0.82000 0
0 3060.50000 -90.00000 0.10 0.01000 0.82000 0
0 3046.50000 -178.00000 0.10 0.01000 0.82000 0
0 2986.50000 -233.00000 0.10 0.01000 0.82000 0
0 2746.50000 -315.00000 0.10 0.01000 0.82000 0
0 2835.50000 -343.00000 0.10 0.01000 0.82000 0
0 2911.50000 -323.00000 0.10 0.01000 0.82000 0
0 2926.50000 -296.00000 0.10 0.01000 0.82000 0
0 2983.50000 -275.00000 0.10 0.01000 0.82000 0
0 3025.50000 -311.00000 0.10 0.01000 0.82000 0
0 2987.50000 -315.00000 0.10 0.01000 0.82000 0
0 2965.50000 -333.00000 0.10 0.01000 0.82000 0
0 2884.50000 -352.00000 0.10 0.01000 0.82000 0
0 2816.50000 -320.00000 0.10 0.01000 0.82000 0
0 2725.50000 -341.00000 0.10 0.01000 0.82000 0
0 2782.50000 -384.00000 0.10 0.01000 0.82000 0
0 2872.50000 -395.00000 0.10 0.01000 0.82000 0
0 2968.50000 -378.00000 0.10 0.01000 0.82000 0
0 3005.50000 -358.00000 0.10 0.01000 0.82000 0
0 2943.50000 -368.00000 0.10 0.01000 0.82000 0
0 2832.50000 -372.00000 0.10 0.01000 0.82000 0
0 2786.50000 -349.00000 0.10 0.01000 0.82000 0
0 2721.50000 -382.00000 0.10 0.01000 0.82000 0
0 2750.50000 -435.00000 0.10 0.01000 0.82000 0
0 2770.50000 -436.00000 0.10 0.01000 0.82000 0
0 2829.50000 -426.00000 0.10 0.01000 0.82000 0
0 2890.50000 -432.00000 0.10 0.01000 0.82000 0
0 2946.50000 -421.00000 0.10 0.01000 0.82000 0
0 3022.50000 -401.00000 0.10 0.01000 0.82000 0
0 2963.50000 -468.00000 0.10 0.01000 0.82000 0
0 2873.50000 -475.00000 0.10 0.01000 0.82000 0
0 2772.50000 -475.00000 0.10 0.01000 0.82000 0
0 2714.50000 -474.00000 0.10 0.01000 0.82000 0
0 2735.50000 -513.00000 0.10 0.01000 0.82000 0
0 2846.50000 -512.00000 0.10 0.01000 0.82000 0
0 2932.50000 -506.00000 0.10 0.01000 0.82000 0
0 3013.50000 -502.00000 0.10 0.01000 0.82000 0
0 3027.50000 -449.00000 0.10 0.01000 0.82000 0
0 2995.50000 -434.00000 0.10 0.01000 0.82000 0
0 2817.50000 -484.00000 0.10 0.01000 0.82000 0
2 3229.50000 583.50000 6.00 -2.07000 -4.79000 0
31 3407.50000 182.50000 0.05 0.00000 0.00000 1 0.50000
31 3391.50000 222.50000 0.05 0.00000 0.00000 1 0.50000
31 3385.50000 275.50000 0.05 0.00000 0.00000 1 0.50000
0 3630.50000 181.00000 0.10 0.00000 0.00000 0
0 3623.50000 237.00000 0.10 0.00000 0.00000 0
0 3634.50000 315.00000 0.10 0.00000 0.00000 0
0 3718.50000 326.00000 0.10 0.00000 0.00000 0
0 3690.50000 287.00000 0.10 0.00000 0.00000 0
0 3664.50000 205.00000 0.10 0.00000 0.00000 0
0 3706.50000 232.00000 0.10 0.00000 0.00000 0
0 3732.50000 294.00000 0.10 0.00000 0.00000 0
0 3778.50000 300.00000 0.10 0.00000 0.00000 0
0 3764.50000 203.00000 0.10 0.00000 0.00000 0
0 3717.50000 160.00000 0.10 0.00000 0.00000 0
0 3770.50000 250.00000 0.10 0.00000 0.00000 0
0 3689.50000 346.00000 0.10 0.00000 0.00000 0
0 3680.50000 392.00000 0.10 0.00000 0.00000 0
0 3791.50000 396.00000 0.10 0.00000 0.00000 0
0 3832.50000 358.00000 0.10 0.00000 0.00000 0
0 3810.50000 332.00000 0.10 0.00000 0.00000 0
0 3757.50000 345.00000 0.10 0.00000 0.00000 0
0 3846.50000 302.00000 0.10 0.00000 0.00000 0
0 3821.50000 286.00000 0.10 0.00000 0.00000 0
0 3811.50000 235.00000 0.10 0.00000 0.00000 0
0 3808.50000 203.00000 0.10 0.00000 0.00000 0
0 3772.50000 175.00000 0.10 0.00000 0.00000 0
0 3848.50000 175.00000 0.10 0.00000 0.00000 0
0 3864.50000 229.00000 0.10 0.00000 0.00000 0
0 3881.50000 285.00000 0.10 0.00000 0.00000 0
0 3892.50000 334.00000 0.10 0.00000 0.00000 0
0 3870.50000 378.00000 0.10 0.00000 0.00000 0
0 3862.50000 391.00000 0.10 0.00000 0.00000 0
1 3629.50000 130.00000 0.40 -0.23000 0.92000 0
1 3632.50000 60.00000 0.40 -0.47000 0.86000 0
1 3734.50000 43.00000 0.40 -0.41000 0.92000 0
1 3674.50000 93.00000 0.40 -0.41000 1.36000 0
1 3771.50000 106.00000 0.40 -1.31000 0.84000 0
1 3835.00000 64.00000 0.40 -0.53000 0.98000 0
1 3938.50000 138.00000 0.40 -1.05000 1.22000 0
1 3979.50000 205.00000 0.40 -2.03000 0.94000 0
1 3995.50000 323.00000 0.40 -2.57000 0.14000 0
1 3873.50000 462.00000 0.40 -0.83000 -2.42000 0
1 3766.50000 436.00000 0.40 0.25000 -1.90000 0
1 3641.50000 441.00000 0.40 0.89000 -2.30000 0
1 3707.50000 444.00000 0.40 -0.11000 -1.86000 0
1 3658.50000 509.00000 0.40 0.91000 -2.90000 0
1 3736.50000 511.00000 0.40 0.15000 -3.06000 0
1 3812.50000 522.00000 0.40 -0.45000 -2.26000 0
1 3814.50000 425.00000 0.40 -0.29000 -1.94000 0
1 3891.50000 528.00000 0.40 -1.51000 -2.32000 0
1 3967.50000 499.00000 0.40 -1.73000 -2.00000 0
1 3922.50000 409.00000 0.40 -1.03000 -0.40000 0
1 3986.50000 433.00000 0.40 -3.31000 -1.00000 0
1 3984.00000 382.00000 0.40 -3.10000 -1.28000 0
1 3858.50000 136.00000 0.40 -0.57000 1.04000 0
1 3915.50000 199.00000 0.40 -0.95000 0.66000 0
1 3915.50000 266.00000 0.40 -1.17000 -0.08000 0
1 3993.50000 256.00000 0.40 -1.55000 0.70000 0
1 3899.50000 68.00000 0.40 -0.41000 0.96000 0
2 4034.00000 284.00000 6.00 -4.14000 -0.14000 0
30 1690.00000 235.00000 0.05 0.00000 0.00000 1 20.00000
30 1735.00000 231.00000 0.05 0.00000 0.00000 1 20.00000
30 1779.00000 231.00000 0.05 0.00000 0.00000 1 20.00000
30 1818.00000 235.00000 0.05 0.00000 0.00000 1 20.00000
30 1880.00000 247.00000 0.05 0.00000 0.00000 1 20.00000
30 1922.00000 264.00000 0.05 0.00000 0.00000 1 20.00000
30 1977.00000 293.00000 0.05 0.00000 0.00000 1 20.00000
30 1998.00000 309.00000 0.05 0.00000 0.00000 1 20.00000
30 2025.00000 326.00000 0.05 0.00000 0.00000 1 20.00000
30 2145.00000 395.00000 0.05 0.00000 0.00000 1 20.00000
30 2202.00000 419.00000 0.05 0.00000 0.00000 1 20.00000
30 2212.00000 425.00000 0.05 0.00000 0.00000 1 20.00000
30 2089.00000 362.00000 0.05 0.00000 0.00000 1 20.00000
30 2092.00000 364.00000 0.05 0.00000 0.00000 1 20.00000
30 2111.00000 379.00000 0.05 0.00000 0.00000 1 20.00000
30 2067.00000 351.00000 0.05 0.00000 0.00000 1 20.00000
30 2166.00000 409.00000 0.05 0.00000 0.00000 1 20.00000
30 2251.00000 432.00000 0.05 0.00000 0.00000 1 20.00000
30 2289.00000 439.00000 0.05 0.00000 0.00000 1 20.00000
30 2304.00000 445.00000 0.05 0.00000 0.00000 1 20.00000
30 2354.00000 443.00000 0.05 0.00000 0.00000 1 20.00000
30 2372.00000 436.00000 0.05 0.00000 0.00000 1 20.00000
30 2782.00000 251.00000 0.05 0.00000 0.00000 1 20.00000
30 2819.00000 251.00000 0.05 0.00000 0.00000 1 20.00000
30 2844.00000 253.00000 0.05 0.00000 0.00000 1 20.00000
30 2885.00000 254.00000 0.05 0.00000 0.00000 1 20.00000
30 2935.00000 254.00000 0.05 0.00000 0.00000 1 20.00000
30 2976.00000 254.00000 0.05 0.00000 0.00000 1 20.00000
30 3031.00000 258.00000 0.05 0.00000 0.00000 1 20.00000
30 2401.00000 434.00000 0.05 0.00000 0.00000 1 20.00000
30 2424.00000 435.00000 0.05 0.00000 0.00000 1 20.00000
30 2454.00000 437.00000 0.05 0.00000 0.00000 1 20.00000
30 2515.00000 432.00000 0.05 0.00000 0.00000 1 20.00000
30 2490.00000 429.00000 0.05 0.00000 0.00000 1 20.00000
30 2553.00000 424.00000 0.05 0.00000 0.00000 1 20.00000
30 2583.00000 419.00000 0.05 0.00000 0.00000 1 20.00000
30 2611.00000 407.00000 0.05 0.00000 0.00000 1 20.00000
30 2634.00000 384.00000 0.05 0.00000 0.00000 1 20.00000
30 2655.00000 363.00000 0.05 0.00000 0.00000 1 20.00000
30 2673.00000 348.00000 0.05 0.00000 0.00000 1 20.00000
30 2690.00000 338.00000 0.05 0.00000 0.00000 1 20.00000
30 2708.00000 313.00000 0.05 0.00000 0.00000 1 20.00000
30 2722.00000 287.00000 0.05 0.00000 0.00000 1 20.00000
30 2734.00000 270.00000 0.05 0.00000 0.00000 1 20.00000
30 2755.00000 254.00000 0.05 0.00000 0.00000 1 20.00000
30 3229.00000 536.00000 0.05 0.00000 0.00000 1 20.00000
30 3214.00000 507.00000 0.05 0.00000 0.00000 1 20.00000
30 3204.00000 477.00000 0.05 0.00000 0.00000 1 20.00000
30 3197.00000 459.00000 0.05 0.00000 0.00000 1 20.00000
30 3179.00000 428.00000 0.05 0.00000 0.00000 1 20.00000
30 3163.00000 391.00000 0.05 0.00000 0.00000 1 20.00000
30 3152.00000 359.00000 0.05 0.00000 0.00000 1 20.00000
30 3135.00000 328.00000 0.05 0.00000 0.00000 1 20.00000
30 3119.00000 280.00000 0.05 0.00000 0.00000 1 20.00000
30 3107.00000 259.00000 0.05 0.00000 0.00000 1 20.00000
30 3092.00000 233.00000 0.05 0.00000 0.00000 1 20.00000
30 3070.00000 190.00000 0.05 0.00000 0.00000 1 20.00000
30 3058.00000 162.00000 0.05 0.00000 0.00000 1 20.00000
30 3041.00000 134.00000 0.05 0.00000 0.00000 1 20.00000
30 3031.00000 107.00000 0.05 0.00000 0.00000 1 20.00000
30 3012.00000 79.00000 0.05 0.00000 0.00000 1 20.00000
30 2995.00000 47.00000 0.05 0.00000 0.00000 1 20.00000
30 2984.00000 27.00000 0.05 0.00000 0.00000 1 20.00000
42 4345.00000 -8.00000 100.00 0.00000 0.00000 2 300.00000 0.50000
42 4355.00000 344.00000 100.00 0.00000 0.00000 2 300.00000 0.50000
30 4216.00000 252.00000 0.05 0.00000 0.00000 1 20.00000
30 4213.00000 302.00000 0.05 0.00000 0.00000 1 20.00000
30 4293.00000 251.00000 0.05 0.00000 0.00000 1 20.00000
30 4291.00000 300.00000 0.05 0.00000 0.00000 1 20.00000
30 4290.00000 211.00000 0.05 0.00000 0.00000 1 20.00000
30 4349.00000 268.00000 0.05 0.00000 0.00000 1 20.00000
30 4290.00000 343.00000 0.05 0.00000 0.00000 1 20.00000
30 4212.00000 278.00000 0.05 0.00000 0.00000 1 20.00000
30 4253.00000 246.00000 0.05 0.00000 0.00000 1 20.00000
30 4289.00000 229.00000 0.05 0.00000 0.00000 1 20.00000
30 4318.00000 234.00000 0.05 0.00000 0.00000 1 20.00000
30 4321.00000 284.00000 0.05 0.00000 0.00000 1 20.00000
30 4289.00000 317.00000 0.05 0.00000 0.00000 1 20.00000
30 4237.00000 305.00000 0.05 0.00000 0.00000 1 20.00000
30 4262.00000 301.00000 0.05 0.00000 0.00000 1 20.00000
30 4325.00000 307.00000 0.05 0.00000 0.00000 1 20.00000
30 4332.00000 250.00000 0.05 0.00000 0.00000 1 20.00000
30 4254.00000 277.00000 0.05 0.00000 0.00000 1 20.00000
30 4275.00000 277.00000 0.05 0.00000 0.00000 1 20.00000
30 4304.00000 273.00000 0.05 0.00000 0.00000 1 20.00000
30 4313.00000 264.00000 0.05 0.00000 0.00000 1 20.00000
30 4310.00000 303.00000 0.05 0.00000 0.00000 1 20.00000
30 4304.00000 321.00000 0.05 0.00000 0.00000 1 20.00000
30 4338.00000 279.00000 0.05 0.00000 0.00000 1 20.00000
30 4289.00000 327.00000 0.05 0.00000 0.00000 1 20.00000
30 4230.00000 286.00000 0.05 0.00000 0.00000 1 20.00000
30 4231.00000 260.00000 0.05 0.00000 0.00000 1 20.00000
30 4271.00000 259.00000 0.05 0.00000 0.00000 1 20.00000
30 4275.00000 245.00000 0.05 0.00000 0.00000 1 20.00000
30 4311.00000 248.00000 0.05 0.00000 0.00000 1 20.00000
30 4290.00000 283.00000 0.05 0.00000 0.00000 1 20.00000
30 4393.00000 269.00000 0.05 0.00000 0.00000 1 20.00000
30 4416.00000 269.00000 0.05 0.00000 0.00000 1 20.00000
30 4436.00000 269.00000 0.05 0.00000 0.00000 1 20.00000
30 4454.00000 271.00000 0.05 0.00000 0.00000 1 20.00000
30 4475.00000 272.00000 0.05 0.00000 0.00000 1 20.00000
30 4496.00000 273.00000 0.05 0.00000 0.00000 1 20.00000
30 4531.00000 274.00000 0.05 0.00000 0.00000 1 20.00000
30 4547.00000 274.00000 0.05 0.00000 0.00000 1 20.00000
30 4558.00000 274.00000 0.05 0.00000 0.00000 1 20.00000
30 4384.00000 283.00000 0.05 0.00000 0.00000 1 20.00000
30 4431.00000 283.00000 0.05 0.00000 0.00000 1 20.00000
30 4446.00000 284.00000 0.05 0.00000 0.00000 1 20.00000
30 4487.00000 288.00000 0.05 0.00000 0.00000 1 20.00000
30 4522.00000 290.00000 0.05 0.00000 0.00000 1 20.00000
30 4547.00000 292.00000 0.05 0.00000 0.00000 1 20.00000
30 4407.00000 283.00000 0.05 0.00000 0.00000 1 20.00000
30 4369.00000 263.00000 0.05 0.00000 0.00000 1 20.00000
30 4363.00000 276.00000 0.05 0.00000 0.00000 1 20.00000
30 4460.00000 283.00000 0.05 0.00000 0.00000 1 20.00000
30 4569.00000 289.00000 0.05 0.00000 0.00000 1 20.00000
30 4575.00000 272.00000 0.05 0.00000 0.00000 1 20.00000
30 4610.00000 257.00000 0.05 0.00000 0.00000 1 20.00000
30 4631.00000 246.00000 0.05 0.00000 0.00000 1 20.00000
30 4653.00000 234.00000 0.05 0.00000 0.00000 1 20.00000
30 4676.00000 208.00000 0.05 0.00000 0.00000 1 20.00000
30 4682.00000 198.00000 0.05 0.00000 0.00000 1 20.00000
30 4714.00000 153.00000 0.05 0.00000 0.00000 1 20.00000
30 4724.00000 131.00000 0.05 0.00000 0.00000 1 20.00000
30 4594.00000 290.00000 0.05 0.00000 0.00000 1 20.00000
30 4656.00000 320.00000 0.05 0.00000 0.00000 1 20.00000
30 4670.00000 328.00000 0.05 0.00000 0.00000 1 20.00000
30 4678.00000 340.00000 0.05 0.00000 0.00000 1 20.00000
30 4700.00000 375.00000 0.05 0.00000 0.00000 1 20.00000
30 4717.00000 407.00000 0.05 0.00000 0.00000 1 20.00000
30 4736.00000 454.00000 0.05 0.00000 0.00000 1 20.00000
30 4629.00000 301.00000 0.05 0.00000 0.00000 1 20.00000
30 4718.00000 416.00000 0.05 0.00000 0.00000 1 20.00000
30 4703.00000 385.00000 0.05 0.00000 0.00000 1 20.00000
30 4689.00000 355.00000 0.05 0.00000 0.00000 1 20.00000
30 4699.00000 175.00000 0.05 0.00000 0.00000 1 20.00000
30 4694.00000 185.00000 0.05 0.00000 0.00000 1 20.00000
24 4818.00000 241.00000 50.00 0.00000 0.00000 1 4.00000
0 5014.50000 131.00000 0.10 0.00000 0.00000 0
0 5161.50000 140.00000 0.10 0.00000 0.00000 0
0 5245.50000 194.00000 0.10 0.00000 0.00000 0
0 4950.50000 371.00000 0.10 0.00000 0.00000 0
0 5189.50000 462.00000 0.10 0.00000 0.00000 0
0 5269.50000 347.00000 0.10 0.00000 0.00000 0
0 5076.50000 211.00000 0.10 0.00000 0.00000 0
0 5044.50000 397.00000 0.10 0.00000 0.00000 0
0 5037.50000 512.00000 0.10 0.00000 0.00000 0
0 4987.50000 401.00000 0.10 0.00000 0.00000 0
0 5206.50000 442.00000 0.10 0.00000 0.00000 0
0 5034.50000 454.00000 0.10 0.00000 0.00000 0
0 5214.50000 352.00000 0.10 0.00000 0.00000 0
0 5070.50000 386.00000 0.10 0.00000 0.00000 0
0 5129.50000 244.00000 0.10 0.00000 0.00000 0
0 4984.50000 284.00000 0.10 0.00000 0.00000 0
0 5037.50000 172.00000 0.10 0.00000 0.00000 0
0 5058.50000 348.00000 0.10 0.00000 0.00000 0
0 5126.50000 431.00000 0.10 0.00000 0.00000 0
0 5120.50000 534.00000 0.10 0.00000 0.00000 0
0 5247.50000 534.00000 0.10 0.00000 0.00000 0
0 5343.50000 511.00000 0.10 0.00000 0.00000 0
0 5354.50000 401.00000 0.10 0.00000 0.00000 0
0 5363.50000 215.00000 0.10 0.00000 0.00000 0
0 5347.50000 82.00000 0.10 0.00000 0.00000 0
0 5279.50000 81.00000 0.10 0.00000 0.00000 0
0 5293.50000 193.00000 0.10 0.00000 0.00000 0
0 5145.50000 355.00000 0.10 0.00000 0.00000 0
0 5149.50000 265.00000 0.10 0.00000 0.00000 0
0 5304.50000 277.00000 0.10 0.00000 0.00000 0
0 5252.50000 222.00000 0.10 0.00000 0.00000 0
0 5079.50000 221.00000 0.10 0.00000 0.00000 0
0 5026.50000 272.00000 0.10 0.00000 0.00000 0
0 4978.50000 378.00000 0.10 0.00000 0.00000 0
0 4934.50000 494.00000 0.10 0.00000 0.00000 0
0 4942.50000 541.00000 0.10 0.00000 0.00000 0
0 5003.50000 549.00000 0.10 0.00000 0.00000 0
0 5086.50000 554.00000 0.10 0.00000 0.00000 0
0 5204.50000 560.00000 0.10 0.00000 0.00000 0
0 5286.50000 570.00000 0.10 0.00000 0.00000 0
0 5358.50000 559.00000 0.10 0.00000 0.00000 0
0 5376.50000 473.00000 0.10 0.00000 0.00000 0
0 5219.50000 499.00000 0.10 0.00000 0.00000 0
0 5031.50000 529.00000 0.10 0.00000 0.00000 0
0 5182.50000 508.00000 0.10 0.00000 0.00000 0
0 5317.50000 468.00000 0.10 0.00000 0.00000 0
0 5299.50000 386.00000 0.10 0.00000 0.00000 0
0 5018.50000 324.00000 0.10 0.00000 0.00000 0
0 4954.50000 285.00000 0.10 0.00000 0.00000 0
0 4958.50000 194.00000 0.10 0.00000 0.00000 0
0 4944.50000 142.00000 0.10 0.00000 0.00000 0
0 4907.50000 132.00000 0.10 0.00000 0.00000 0
0 4932.50000 296.00000 0.10 0.00000 0.00000 0
0 4931.50000 442.00000 0.10 0.00000 0.00000 0
0 4888.50000 541.00000 0.10 0.00000 0.00000 0
0 4955.50000 547.00000 0.10 0.00000 0.00000 0
0 5024.50000 478.00000 0.10 0.00000 0.00000 0
0 5000.50000 274.00000 0.10 0.00000 0.00000 0
0 5044.50000 200.00000 0.10 0.00000 0.00000 0
0 4946.50000 41.00000 0.10 0.00000 0.00000 0
0 5039.50000 38.00000 0.10 0.00000 0.00000 0
0 5105.50000 57.00000 0.10 0.00000 0.00000 0
0 5003.50000 86.00000 0.10 0.00000 0.00000 0
0 4976.50000 97.00000 0.10 0.00000 0.00000 0
0 5113.50000 197.00000 0.10 0.00000 0.00000 0
0 5185.50000 224.00000 0.10 0.00000 0.00000 0
0 5132.50000 -6.00000 0.10 0.00000 0.00000 0
0 5302.50000 40.00000 0.10 0.00000 0.00000 0
0 5332.50000 104.00000 0.10 0.00000 0.00000 0
0 5127.50000 127.00000 0.10 0.00000 0.00000 0
0 5055.50000 111.00000 0.10 0.00000 0.00000 0
0 5143.50000 74.00000 0.10 0.00000 0.00000 0
0 5249.50000 53.00000 0.10 0.00000 0.00000 0
0 5222.50000 156.00000 0.10 0.00000 0.00000 0
0 5312.50000 225.00000 0.10 0.00000 0.00000 0
0 5313.50000 271.00000 0.10 0.00000 0.00000 0
0 5342.50000 336.00000 0.10 0.00000 0.00000 0
0 5213.50000 290.00000 0.10 0.00000 0.00000 0
0 5167.50000 335.00000 0.10 0.00000 0.00000 0
0 5263.50000 387.00000 0.10 0.00000 0.00000 0
0 5320.50000 424.00000 0.10 0.00000 0.00000 0
0 5396.50000 456.00000 0.10 0.00000 0.00000 0
0 5415.50000 398.00000 0.10 0.00000 0.00000 0
0 5369.50000 284.00000 0.10 0.00000 0.00000 0
0 5397.50000 142.00000 0.10 0.00000 0.00000 0
0 5389.50000 31.00000 0.10 0.00000 0.00000 0
0 5455.50000 49.00000 0.10 0.00000 0.00000 0
0 5410.50000 80.00000 0.10 0.00000 0.00000 0
0 5426.50000 153.00000 0.10 0.00000 0.00000 0
0 5497.50000 278.00000 0.10 0.00000 0.00000 0
0 5410.50000 305.00000 0.10 0.00000 0.00000 0
0 5492.50000 202.00000 0.10 0.00000 0.00000 0
0 5438.50000 246.00000 0.10 0.00000 0.00000 0
0 5454.50000 274.00000 0.10 0.00000 0.00000 0
0 5472.50000 345.00000 0.10 0.00000 0.00000 0
0 5453.50000 393.00000 0.10 0.00000 0.00000 0
0 5460.50000 430.00000 0.10 0.00000 0.00000 0
0 5440.50000 462.00000 0.10 0.00000 0.00000 0
0 5417.50000 506.00000 0.10 0.00000 0.00000 0
0 5421.50000 552.00000 0.10 0.00000 0.00000 0
0 5508.50000 560.00000 0.10 0.00000 0.00000 0
0 5545.50000 520.00000 0.10 0.00000 0.00000 0
0 5504.50000 482.00000 0.10 0.00000 0.00000 0
0 5589.50000 402.00000 0.10 0.00000 0.00000 0
0 5530.50000 330.00000 0.10 0.00000 0.00000 0
0 5390.50000 330.00000 0.10 0.00000 0.00000 0
0 5326.50000 364.00000 0.10 0.00000 0.00000 0
0 5118.50000 406.00000 0.10 0.00000 0.00000 0
0 5080.50000 266.00000 0.10 0.00000 0.00000 0
0 5086.50000 328.00000 0.10 0.00000 0.00000 0
0 5147.50000 493.00000 0.10 0.00000 0.00000 0
0 5274.50000 467.00000 0.10 0.00000 0.00000 0
0 5101.50000 446.00000 0.10 0.00000 0.00000 0
0 5176.50000 321.00000 0.10 0.00000 0.00000 0
0 5484.50000 166.00000 0.10 0.00000 0.00000 0
0 5538.50000 160.00000 0.10 0.00000 0.00000 0
0 5580.50000 350.00000 0.10 0.00000 0.00000 0
0 5405.50000 120.00000 0.10 0.00000 0.00000 0
0 5300.50000 150.00000 0.10 0.00000 0.00000 0
0 5233.50000 121.00000 0.10 0.00000 0.00000 0
0 5199.50000 60.00000 0.10 0.00000 0.00000 0
0 5204.50000 10.00000 0.10 0.00000 0.00000 0
0 5377.50000 6.00000 0.10 0.00000 0.00000 0
0 5495.50000 15.00000 0.10 0.00000 0.00000 0
0 5565.50000 44.00000 0.10 0.00000 0.00000 0
0 5513.50000 112.00000 0.10 0.00000 0.00000 0
0 5491.50000 143.00000 0.10 0.00000 0.00000 0
0 5495.50000 79.00000 0.10 0.00000 0.00000 0
0 5437.50000 120.00000 0.10 0.00000 0.00000 0
30 3336.00000 173.00000 0.05 0.00000 0.00000 1 20.00000
30 3338.00000 226.00000 0.05 0.00000 0.00000 1 20.00000
30 3338.00000 250.00000 0.05 0.00000 0.00000 1 20.00000
30 3344.00000 266.00000 0.05 0.00000 0.00000 1 20.00000
30 3350.00000 285.00000 0.05 0.00000 0.00000 1 20.00000
30 3368.00000 303.00000 0.05 0.00000 0.00000 1 20.00000
30 3407.00000 307.00000 0.05 0.00000 0.00000 1 20.00000
30 3436.00000 280.00000 0.05 0.00000 0.00000 1 20.00000
30 3455.00000 240.00000 0.05 0.00000 0.00000 1 20.00000
30 3460.00000 185.00000 0.05 0.00000 0.00000 1 20.00000
30 3444.00000 148.00000 0.05 0.00000 0.00000 1 20.00000
30 3417.00000 133.00000 0.05 0.00000 0.00000 1 20.00000
30 3376.00000 129.00000 0.05 0.00000 0.00000 1 20.00000
30 3337.00000 161.00000 0.05 0.00000 0.00000 1 20.00000
30 3327.00000 197.00000 0.05 0.00000 0.00000 1 20.00000
30 3355.00000 145.00000 0.05 0.00000 0.00000 1 20.00000
30 3460.00000 206.00000 0.05 0.00000 0.00000 1 20.00000
30 3441.00000 260.00000 0.05 0.00000 0.00000 1 20.00000
30 3334.00000 216.00000 0.05 0.00000 0.00000 1 20.00000
0 435.50000 192.00000 0.10 0.00000 0.00000 0
0 373.50000 169.00000 0.10 0.00000 0.00000 0
0 312.50000 141.00000 0.10 0.00000 0.00000 0
0 261.50000 103.00000 0.10 0.00000 0.00000 0
0 227.50000 59.00000 0.10 0.00000 0.00000 0
0 202.50000 31.00000 0.10 0.00000 0.00000 0
0 328.50000 20.00000 0.10 0.00000 0.00000 0
0 429.50000 27.00000 0.10 0.00000 0.00000 0
0 408.50000 50.00000 0.10 0.00000 0.00000 0
0 256.50000 36.00000 0.10 0.00000 0.00000 0
0 333.50000 87.00000 0.10 0.00000 0.00000 0
0 392.50000 126.00000 0.10 0.00000 0.00000 0
0 391.50000 81.00000 0.10 0.00000 0.00000 0
0 268.50000 27.00000 0.10 0.00000 0.00000 0
0 296.50000 77.00000 0.10 0.00000 0.00000 0
0 372.50000 45.00000 0.10 0.00000 0.00000 0
0 440.50000 94.00000 0.10 0.00000 0.00000 0
0 445.50000 140.00000 0.10 0.00000 0.00000 0
0 315.50000 49.00000 0.10 0.00000 0.00000 0
0 187.50000 9.00000 0.10 0.00000 0.00000 0
0 287.50000 10.00000 0.10 0.00000 0.00000 0
0 375.50000 15.00000 0.10 0.00000 0.00000 0
0 431.50000 365.00000 0.10 0.00000 0.00000 0
0 365.50000 395.00000 0.10 0.00000 0.00000 0
0 310.50000 425.00000 0.10 0.00000 0.00000 0
0 259.50000 462.00000 0.10 0.00000 0.00000 0
0 220.50000 514.00000 0.10 0.00000 0.00000 0
0 205.50000 567.00000 0.10 0.00000 0.00000 0
0 284.50000 573.00000 0.10 0.00000 0.00000 0
0 282.50000 494.00000 0.10 0.00000 0.00000 0
0 387.50000 435.00000 0.10 0.00000 0.00000 0
0 439.50000 412.00000 0.10 0.00000 0.00000 0
0 334.50000 505.00000 0.10 0.00000 0.00000 0
0 327.50000 536.00000 0.10 0.00000 0.00000 0
0 275.50000 544.00000 0.10 0.00000 0.00000 0
0 313.50000 502.00000 0.10 0.00000 0.00000 0
0 335.50000 465.00000 0.10 0.00000 0.00000 0
0 287.50000 469.00000 0.10 0.00000 0.00000 0
0 240.50000 514.00000 0.10 0.00000 0.00000 0
0 215.50000 572.00000 0.10 0.00000 0.00000 0
0 243.50000 572.00000 0.10 0.00000 0.00000 0
0 372.50000 557.00000 0.10 0.00000 0.00000 0
0 421.50000 562.00000 0.10 0.00000 0.00000 0
0 442.50000 534.00000 0.10 0.00000 0.00000 0
0 415.50000 517.00000 0.10 0.00000 0.00000 0
0 400.50000 489.00000 0.10 0.00000 0.00000 0
0 458.50000 458.00000 0.10 0.00000 0.00000 0
0 447.50000 506.00000 0.10 0.00000 0.00000 0
0 447.50000 555.00000 0.10 0.00000 0.00000 0
0 347.50000 568.00000 0.10 0.00000 0.00000 0
0 478.50000 579.00000 0.10 0.00000 0.00000 0
