678 # sprites
24 8574.00000 263.00000 50.00 0.00000 0.00000 1 1.00000
0 1110.50000 438.00000 0.10 -12.69000 0.00000 0
0 1280.00000 223.00000 0.10 -12.69000 0.00000 0
0 1432.50000 362.00000 0.10 -12.69000 0.00000 0
0 1488.50000 549.00000 0.10 -12.69000 0.00000 0
0 1178.50000 49.00000 0.10 -12.69000 0.00000 0
0 1610.50000 108.00000 0.10 -12.69000 0.00000 0
0 1785.50000 258.00000 0.10 -12.69000 0.00000 0
0 1917.50000 479.00000 0.10 -12.69000 0.00000 0
0 2142.50000 379.00000 0.10 -12.69000 0.00000 0
0 2146.50000 140.00000 0.10 -12.69000 0.00000 0
0 1941.50000 48.00000 0.10 0.00000 0.00000 0
0 2477.50000 267.00000 0.10 -12.69000 0.00000 0
0 2388.50000 510.00000 0.10 -12.69000 0.00000 0
0 2488.50000 61.00000 0.10 -12.69000 0.00000 0
0 2730.50000 168.00000 0.10 -12.69000 0.00000 0
0 2753.50000 412.00000 0.10 -12.69000 0.00000 0
0 3070.50000 314.00000 0.10 -12.69000 0.00000 0
0 3068.50000 84.00000 0.10 -12.69000 0.00000 0
0 3076.50000 552.00000 0.10 -12.69000 0.00000 0
0 3343.50000 199.00000 0.10 -13.19000 -0.02000 0
0 3307.50000 471.00000 0.10 -13.19000 -0.02000 0
0 3558.50000 371.00000 0.10 -13.19000 -0.02000 0
0 3557.50000 70.00000 0.10 -13.19000 -0.02000 0
0 3745.50000 202.00000 0.10 -13.19000 -0.02000 0
0 3783.50000 511.00000 0.10 -13.19000 -0.02000 0
0 3521.50000 538.00000 0.10 -13.19000 -0.02000 0
0 3933.50000 336.00000 0.10 -13.19000 -0.02000 0
0 3972.50000 526.00000 0.10 -13.19000 -0.02000 0
0 3991.50000 106.00000 0.10 -13.19000 -0.02000 0
0 4218.50000 42.00000 0.10 -13.19000 -0.02000 0
0 4178.50000 238.00000 0.10 -13.19000 -0.02000 0
0 4181.50000 394.00000 0.10 -13.19000 -0.02000 0
0 4199.50000 543.00000 0.10 -13.19000 -0.02000 0
0 4394.50000 458.00000 0.10 -13.19000 -0.02000 0
0 4402.50000 280.00000 0.10 -13.19000 -0.02000 0
0 4408.50000 125.00000 0.10 -13.19000 -0.02000 0
0 4633.50000 76.00000 0.10 -13.19000 -0.02000 0
0 4625.50000 211.00000 0.10 -13.19000 -0.02000 0
0 4560.50000 378.00000 0.10 -13.19000 -0.02000 0
0 4659.50000 520.00000 0.10 -13.19000 -0.02000 0
0 4962.50000 547.00000 0.10 -13.19000 -0.02000 0
0 4848.50000 358.00000 0.10 -13.19000 -0.02000 0
0 5006.50000 207.00000 0.10 -13.19000 -0.02000 0
0 4890.50000 105.00000 0.10 -13.19000 -0.02000 0
0 5129.50000 37.00000 0.10 -13.19000 -0.02000 0
0 5184.50000 223.00000 0.10 -13.19000 -0.02000 0
0 5143.50000 393.00000 0.10 -13.19000 -0.02000 0
0 5296.50000 557.00000 0.10 -13.19000 -0.02000 0
0 5443.50000 412.00000 0.10 -13.19000 -0.02000 0
0 5354.50000 294.00000 0.10 -13.19000 -0.02000 0
0 5414.50000 131.00000 0.10 -13.19000 -0.02000 0
0 5515.50000 36.00000 0.10 -13.19000 -0.02000 0
0 5629.50000 260.00000 0.10 -13.19000 -0.02000 0
0 5664.50000 418.00000 0.10 -13.19000 -0.02000 0
0 5606.50000 547.00000 0.10 -13.19000 -0.02000 0
0 5947.50000 540.00000 0.10 -13.19000 -0.02000 0
0 5842.50000 396.00000 0.10 -13.19000 -0.02000 0
0 5936.50000 264.00000 0.10 -13.19000 -0.02000 0
0 5815.50000 132.00000 0.10 -13.19000 -0.02000 0
0 5925.50000 33.00000 0.10 -13.19000 -0.02000 0
0 6193.50000 40.00000 0.10 -13.19000 -0.02000 0
0 6135.50000 156.00000 0.10 -13.19000 -0.02000 0
0 6223.50000 265.00000 0.10 -13.19000 -0.02000 0
0 6137.50000 458.00000 0.10 -13.19000 -0.02000 0
0 6236.50000 533.00000 0.10 -13.19000 -0.02000 0
0 6439.50000 400.00000 0.10 -13.19000 -0.02000 0
0 6369.50000 306.00000 0.10 -13.19000 -0.02000 0
0 6440.50000 212.00000 0.10 -13.19000 -0.02000 0
0 6447.50000 65.00000 0.10 -13.19000 -0.02000 0
0 6615.50000 218.00000 0.10 -13.19000 -0.02000 0
0 6699.50000 84.00000 0.10 -13.19000 -0.02000 0
0 6798.50000 413.00000 0.10 -13.19000 -0.02000 0
0 6661.50000 594.00000 0.10 -13.19000 -0.02000 0
0 6691.50000 513.00000 0.10 -13.19000 -0.02000 0
0 6957.50000 532.00000 0.10 -13.19000 -0.02000 0
0 7025.50000 437.00000 0.10 -13.19000 -0.02000 0
0 6927.50000 310.00000 0.10 -13.19000 -0.02000 0
0 6826.50000 173.00000 0.10 -13.19000 -0.02000 0
0 6946.50000 18.00000 0.10 -13.19000 -0.02000 0
0 7060.50000 164.00000 0.10 0.00000 0.00000 0
0 7216.50000 62.00000 0.10 -13.19000 -0.02000 0
0 7206.50000 177.00000 0.10 -13.19000 -0.02000 0
0 7146.50000 364.00000 0.10 -13.19000 -0.02000 0
0 7283.50000 454.00000 0.10 -13.19000 -0.02000 0
0 7435.50000 509.00000 0.10 -13.19000 -0.02000 0
0 7484.50000 316.00000 0.10 -13.19000 -0.02000 0
0 7337.50000 368.00000 0.10 -13.19000 -0.02000 0
0 7482.50000 167.00000 0.10 -13.19000 -0.02000 0
0 7488.50000 49.00000 0.10 -13.19000 -0.02000 0
0 7663.50000 93.00000 0.10 -13.19000 -0.02000 0
0 7674.50000 259.00000 0.10 -13.19000 -0.02000 0
0 7603.50000 396.00000 0.10 -13.19000 -0.02000 0
0 7694.50000 518.00000 0.10 -13.19000 -0.02000 0
0 7861.50000 518.00000 0.10 -13.19000 -0.02000 0
0 7760.50000 387.00000 0.10 -13.19000 -0.02000 0
0 7902.50000 354.00000 0.10 -13.19000 -0.02000 0
0 7861.50000 218.00000 0.10 -13.19000 -0.02000 0
0 7873.50000 36.00000 0.10 -13.19000 -0.02000 0
0 8037.50000 56.00000 0.10 -13.19000 -0.02000 0
0 8023.50000 241.00000 0.10 -13.19000 -0.02000 0
0 8122.50000 400.00000 0.10 -13.19000 -0.02000 0
0 8091.50000 480.00000 0.10 -13.19000 -0.02000 0
0 8370.50000 494.00000 0.10 -13.19000 -0.02000 0
0 8352.50000 333.00000 0.10 -13.19000 -0.02000 0
0 8227.50000 242.00000 0.10 -13.19000 -0.02000 0
0 8334.50000 139.00000 0.10 -13.19000 -0.02000 0
0 8330.50000 15.00000 0.10 -13.19000 -0.02000 0
31 516.50000 263.50000 0.05 0.00000 0.00000 1 0.50000
31 516.50000 295.50000 0.05 0.00000 0.00000 1 0.50000
31 517.50000 322.50000 0.05 0.00000 0.00000 1 0.50000
31 543.50000 326.50000 0.05 0.00000 0.00000 1 0.50000
31 567.00000 294.00000 0.05 0.00000 0.00000 1 0.50000
31 566.50000 267.50000 0.05 0.00000 0.00000 1 0.50000
31 542.50000 266.50000 0.05 0.00000 0.00000 1 0.50000
31 568.50000 327.50000 0.05 0.00000 0.00000 1 0.50000
30 670.00000 311.00000 0.05 0.00000 0.00000 1 20.00000
30 694.00000 314.00000 0.05 0.00000 0.00000 1 20.00000
30 720.00000 316.00000 0.05 0.00000 0.00000 1 20.00000
30 742.00000 322.00000 0.05 0.00000 0.00000 1 20.00000
30 754.00000 334.00000 0.05 0.00000 0.00000 1 20.00000
30 766.00000 343.00000 0.05 0.00000 0.00000 1 20.00000
30 783.00000 356.00000 0.05 0.00000 0.00000 1 20.00000
30 801.00000 370.00000 0.05 0.00000 0.00000 1 20.00000
30 809.00000 375.00000 0.05 0.00000 0.00000 1 20.00000
30 827.00000 393.00000 0.05 0.00000 0.00000 1 20.00000
30 858.00000 413.00000 0.05 0.00000 0.00000 1 20.00000
30 872.00000 425.00000 0.05 0.00000 0.00000 1 20.00000
30 891.00000 436.00000 0.05 0.00000 0.00000 1 20.00000
30 910.00000 448.00000 0.05 0.00000 0.00000 1 20.00000
30 936.00000 457.00000 0.05 0.00000 0.00000 1 20.00000
30 963.00000 463.00000 0.05 0.00000 0.00000 1 20.00000
30 985.00000 465.00000 0.05 0.00000 0.00000 1 20.00000
30 1007.00000 466.00000 0.05 0.00000 0.00000 1 20.00000
30 1032.00000 467.00000 0.05 0.00000 0.00000 1 20.00000
30 1057.00000 469.00000 0.05 0.00000 0.00000 1 20.00000
30 1088.00000 469.00000 0.05 0.00000 0.00000 1 20.00000
30 1113.00000 463.00000 0.05 0.00000 0.00000 1 20.00000
30 1127.00000 455.00000 0.05 0.00000 0.00000 1 20.00000
30 1141.00000 445.00000 0.05 0.00000 0.00000 1 20.00000
30 1148.00000 432.00000 0.05 0.00000 0.00000 1 20.00000
30 1241.00000 414.00000 0.05 0.00000 0.00000 1 20.00000
30 1166.00000 419.00000 0.05 0.00000 0.00000 1 20.00000
30 1190.00000 417.00000 0.05 0.00000 0.00000 1 20.00000
30 1214.00000 416.00000 0.05 0.00000 0.00000 1 20.00000
30 1245.00000 395.00000 0.05 0.00000 0.00000 1 20.00000
30 1256.00000 377.00000 0.05 0.00000 0.00000 1 20.00000
30 1266.00000 357.00000 0.05 0.00000 0.00000 1 20.00000
30 1275.00000 342.00000 0.05 0.00000 0.00000 1 20.00000
30 1281.00000 326.00000 0.05 0.00000 0.00000 1 20.00000
30 1290.00000 314.00000 0.05 0.00000 0.00000 1 20.00000
30 1301.00000 296.00000 0.05 0.00000 0.00000 1 20.00000
30 1316.00000 279.00000 0.05 0.00000 0.00000 1 20.00000
30 1329.00000 260.00000 0.05 0.00000 0.00000 1 20.00000
30 1342.00000 246.00000 0.05 0.00000 0.00000 1 20.00000
30 1356.00000 230.00000 0.05 0.00000 0.00000 1 20.00000
30 1387.00000 219.00000 0.05 0.00000 0.00000 1 20.00000
30 1414.00000 218.00000 0.05 0.00000 0.00000 1 20.00000
30 1434.00000 217.00000 0.05 0.00000 0.00000 1 20.00000
30 1463.00000 215.00000 0.05 0.00000 0.00000 1 20.00000
30 1486.00000 225.00000 0.05 0.00000 0.00000 1 20.00000
30 1492.00000 234.00000 0.05 0.00000 0.00000 1 20.00000
30 1494.00000 247.00000 0.05 0.00000 0.00000 1 20.00000
30 1499.00000 266.00000 0.05 0.00000 0.00000 1 20.00000
30 1510.00000 286.00000 0.05 0.00000 0.00000 1 20.00000
30 1525.00000 295.00000 0.05 0.00000 0.00000 1 20.00000
30 1538.00000 305.00000 0.05 0.00000 0.00000 1 20.00000
30 1559.00000 312.00000 0.05 0.00000 0.00000 1 20.00000
30 1575.00000 312.00000 0.05 0.00000 0.00000 1 20.00000
30 1593.00000 312.00000 0.05 0.00000 0.00000 1 20.00000
30 1620.00000 312.00000 0.05 0.00000 0.00000 1 20.00000
30 1651.00000 312.00000 0.05 0.00000 0.00000 1 20.00000
30 1668.00000 317.00000 0.05 0.00000 0.00000 1 20.00000
30 1679.00000 325.00000 0.05 0.00000 0.00000 1 20.00000
30 1695.00000 332.00000 0.05 0.00000 0.00000 1 20.00000
30 1710.00000 352.00000 0.05 0.00000 0.00000 1 20.00000
30 1723.00000 371.00000 0.05 0.00000 0.00000 1 20.00000
30 1723.00000 388.00000 0.05 0.00000 0.00000 1 20.00000
30 1720.00000 412.00000 0.05 0.00000 0.00000 1 20.00000
30 1729.00000 424.00000 0.05 0.00000 0.00000 1 20.00000
30 1743.00000 448.00000 0.05 0.00000 0.00000 1 20.00000
30 1752.00000 459.00000 0.05 0.00000 0.00000 1 20.00000
30 1788.00000 476.00000 0.05 0.00000 0.00000 1 20.00000
30 1772.00000 468.00000 0.05 0.00000 0.00000 1 20.00000
30 1814.00000 487.00000 0.05 0.00000 0.00000 1 20.00000
30 1841.00000 490.00000 0.05 0.00000 0.00000 1 20.00000
30 1858.00000 501.00000 0.05 0.00000 0.00000 1 20.00000
30 1888.00000 514.00000 0.05 0.00000 0.00000 1 20.00000
30 1910.00000 514.00000 0.05 0.00000 0.00000 1 20.00000
30 1932.00000 508.00000 0.05 0.00000 0.00000 1 20.00000
30 1944.00000 499.00000 0.05 0.00000 0.00000 1 20.00000
30 1958.00000 482.00000 0.05 0.00000 0.00000 1 20.00000
30 1962.00000 466.00000 0.05 0.00000 0.00000 1 20.00000
30 1962.00000 445.00000 0.05 0.00000 0.00000 1 20.00000
30 1963.00000 429.00000 0.05 0.00000 0.00000 1 20.00000
30 1957.00000 414.00000 0.05 0.00000 0.00000 1 20.00000
30 1958.00000 392.00000 0.05 0.00000 0.00000 1 20.00000
30 1965.00000 369.00000 0.05 0.00000 0.00000 1 20.00000
30 1975.00000 354.00000 0.05 0.00000 0.00000 1 20.00000
30 1983.00000 337.00000 0.05 0.00000 0.00000 1 20.00000
30 1991.00000 321.00000 0.05 0.00000 0.00000 1 20.00000
30 2004.00000 296.00000 0.05 0.00000 0.00000 1 20.00000
30 2014.00000 280.00000 0.05 0.00000 0.00000 1 20.00000
30 2023.00000 261.00000 0.05 0.00000 0.00000 1 20.00000
30 2029.00000 247.00000 0.05 0.00000 0.00000 1 20.00000
30 2040.00000 231.00000 0.05 0.00000 0.00000 1 20.00000
30 2044.00000 206.00000 0.05 0.00000 0.00000 1 20.00000
30 2054.00000 183.00000 0.05 0.00000 0.00000 1 20.00000
30 2076.00000 169.00000 0.05 0.00000 0.00000 1 20.00000
30 2087.00000 153.00000 0.05 0.00000 0.00000 1 20.00000
30 2093.00000 133.00000 0.05 0.00000 0.00000 1 20.00000
30 2125.00000 118.00000 0.05 0.00000 0.00000 1 20.00000
30 2169.00000 118.00000 0.05 0.00000 0.00000 1 20.00000
30 2182.00000 125.00000 0.05 0.00000 0.00000 1 20.00000
30 2208.00000 147.00000 0.05 0.00000 0.00000 1 20.00000
30 2208.00000 167.00000 0.05 0.00000 0.00000 1 20.00000
30 2219.00000 189.00000 0.05 0.00000 0.00000 1 20.00000
30 2234.00000 204.00000 0.05 0.00000 0.00000 1 20.00000
30 2247.00000 226.00000 0.05 0.00000 0.00000 1 20.00000
30 2263.00000 245.00000 0.05 0.00000 0.00000 1 20.00000
30 2279.00000 252.00000 0.05 0.00000 0.00000 1 20.00000
30 2293.00000 267.00000 0.05 0.00000 0.00000 1 20.00000
30 2312.00000 279.00000 0.05 0.00000 0.00000 1 20.00000
30 2342.00000 285.00000 0.05 0.00000 0.00000 1 20.00000
30 2375.00000 288.00000 0.05 0.00000 0.00000 1 20.00000
30 2395.00000 279.00000 0.05 0.00000 0.00000 1 20.00000
30 2412.00000 269.00000 0.05 0.00000 0.00000 1 20.00000
30 2429.00000 255.00000 0.05 0.00000 0.00000 1 20.00000
30 2456.00000 247.00000 0.05 0.00000 0.00000 1 20.00000
30 2481.00000 248.00000 0.05 0.00000 0.00000 1 20.00000
30 2497.00000 248.00000 0.05 0.00000 0.00000 1 20.00000
30 2506.00000 262.00000 0.05 0.00000 0.00000 1 20.00000
30 2514.00000 278.00000 0.05 0.00000 0.00000 1 20.00000
30 2528.00000 309.00000 0.05 0.00000 0.00000 1 20.00000
30 2533.00000 331.00000 0.05 0.00000 0.00000 1 20.00000
30 2540.00000 353.00000 0.05 0.00000 0.00000 1 20.00000
30 2561.00000 376.00000 0.05 0.00000 0.00000 1 20.00000
30 2592.00000 400.00000 0.05 0.00000 0.00000 1 20.00000
30 2609.00000 407.00000 0.05 0.00000 0.00000 1 20.00000
30 2638.00000 425.00000 0.05 0.00000 0.00000 1 20.00000
30 2668.00000 441.00000 0.05 0.00000 0.00000 1 20.00000
30 2690.00000 453.00000 0.05 0.00000 0.00000 1 20.00000
30 2723.00000 456.00000 0.05 0.00000 0.00000 1 20.00000
30 2748.00000 476.00000 0.05 0.00000 0.00000 1 20.00000
30 2777.00000 492.00000 0.05 0.00000 0.00000 1 20.00000
30 2810.00000 512.00000 0.05 0.00000 0.00000 1 20.00000
30 2857.00000 507.00000 0.05 0.00000 0.00000 1 20.00000
30 2879.00000 492.00000 0.05 0.00000 0.00000 1 20.00000
30 2903.00000 473.00000 0.05 0.00000 0.00000 1 20.00000
30 2913.00000 454.00000 0.05 0.00000 0.00000 1 20.00000
30 2916.00000 430.00000 0.05 0.00000 0.00000 1 20.00000
30 2933.00000 401.00000 0.05 0.00000 0.00000 1 20.00000
30 2933.00000 389.00000 0.05 0.00000 0.00000 1 20.00000
30 2931.00000 370.00000 0.05 0.00000 0.00000 1 20.00000
30 2910.00000 346.00000 0.05 0.00000 0.00000 1 20.00000
30 2886.00000 318.00000 0.05 0.00000 0.00000 1 20.00000
30 2880.00000 306.00000 0.05 0.00000 0.00000 1 20.00000
30 2880.00000 284.00000 0.05 0.00000 0.00000 1 20.00000
30 2887.00000 267.00000 0.05 0.00000 0.00000 1 20.00000
30 2924.00000 253.00000 0.05 0.00000 0.00000 1 20.00000
30 2951.00000 252.00000 0.05 0.00000 0.00000 1 20.00000
30 2985.00000 286.00000 0.05 0.00000 0.00000 1 20.00000
30 2999.00000 314.00000 0.05 0.00000 0.00000 1 20.00000
30 3009.00000 329.00000 0.05 0.00000 0.00000 1 20.00000
30 3036.00000 343.00000 0.05 0.00000 0.00000 1 20.00000
30 3058.00000 343.00000 0.05 0.00000 0.00000 1 20.00000
30 3100.00000 340.00000 0.05 0.00000 0.00000 1 20.00000
30 3112.00000 319.00000 0.05 0.00000 0.00000 1 20.00000
30 3112.00000 298.00000 0.05 0.00000 0.00000 1 20.00000
30 3113.00000 266.00000 0.05 0.00000 0.00000 1 20.00000
30 3122.00000 244.00000 0.05 0.00000 0.00000 1 20.00000
30 3131.00000 216.00000 0.05 0.00000 0.00000 1 20.00000
30 3162.00000 189.00000 0.05 0.00000 0.00000 1 20.00000
30 3184.00000 172.00000 0.05 0.00000 0.00000 1 20.00000
30 3207.00000 155.00000 0.05 0.00000 0.00000 1 20.00000
30 3251.00000 140.00000 0.05 0.00000 0.00000 1 20.00000
30 3289.00000 136.00000 0.05 0.00000 0.00000 1 20.00000
30 3325.00000 140.00000 0.05 0.00000 0.00000 1 20.00000
30 3361.00000 148.00000 0.05 0.00000 0.00000 1 20.00000
30 3383.00000 175.00000 0.05 0.00000 0.00000 1 20.00000
30 3384.00000 203.00000 0.05 0.00000 0.00000 1 20.00000
30 3401.00000 232.00000 0.05 0.00000 0.00000 1 20.00000
30 3408.00000 255.00000 0.05 0.00000 0.00000 1 20.00000
30 3408.00000 274.00000 0.05 0.00000 0.00000 1 20.00000
30 3410.00000 293.00000 0.05 0.00000 0.00000 1 20.00000
30 3411.00000 312.00000 0.05 0.00000 0.00000 1 20.00000
30 3412.00000 332.00000 0.05 0.00000 0.00000 1 20.00000
30 3413.00000 362.00000 0.05 0.00000 0.00000 1 20.00000
30 3453.00000 391.00000 0.05 0.00000 0.00000 1 20.00000
30 3467.00000 398.00000 0.05 0.00000 0.00000 1 20.00000
30 3499.00000 412.00000 0.05 0.00000 0.00000 1 20.00000
30 3531.00000 434.00000 0.05 0.00000 0.00000 1 20.00000
30 3535.00000 449.00000 0.05 0.00000 0.00000 1 20.00000
30 3536.00000 474.00000 0.05 0.00000 0.00000 1 20.00000
30 3556.00000 509.00000 0.05 0.00000 0.00000 1 20.00000
30 3562.00000 514.00000 0.05 0.00000 0.00000 1 20.00000
30 3651.00000 523.00000 0.05 0.00000 0.00000 1 20.00000
30 3588.00000 519.00000 0.05 0.00000 0.00000 1 20.00000
30 3612.00000 519.00000 0.05 0.00000 0.00000 1 20.00000
30 3664.00000 543.00000 0.05 0.00000 0.00000 1 20.00000
30 3718.00000 556.00000 0.05 0.00000 0.00000 1 20.00000
30 3738.00000 548.00000 0.05 0.00000 0.00000 1 20.00000
30 3742.00000 503.00000 0.05 0.00000 0.00000 1 20.00000
30 3743.00000 480.00000 0.05 0.00000 0.00000 1 20.00000
30 3744.00000 457.00000 0.05 0.00000 0.00000 1 20.00000
30 3742.00000 525.00000 0.05 0.00000 0.00000 1 20.00000
30 3746.00000 423.00000 0.05 0.00000 0.00000 1 20.00000
30 3751.00000 387.00000 0.05 0.00000 0.00000 1 20.00000
30 3773.00000 373.00000 0.05 0.00000 0.00000 1 20.00000
30 3796.00000 350.00000 0.05 0.00000 0.00000 1 20.00000
30 3814.00000 334.00000 0.05 0.00000 0.00000 1 20.00000
30 3824.00000 322.00000 0.05 0.00000 0.00000 1 20.00000
30 3835.00000 303.00000 0.05 0.00000 0.00000 1 20.00000
30 3857.00000 268.00000 0.05 0.00000 0.00000 1 20.00000
30 3857.00000 248.00000 0.05 0.00000 0.00000 1 20.00000
30 3858.00000 222.00000 0.05 0.00000 0.00000 1 20.00000
30 3861.00000 197.00000 0.05 0.00000 0.00000 1 20.00000
30 3903.00000 183.00000 0.05 0.00000 0.00000 1 20.00000
30 3940.00000 180.00000 0.05 0.00000 0.00000 1 20.00000
30 3997.00000 169.00000 0.05 0.00000 0.00000 1 20.00000
30 4003.00000 153.00000 0.05 0.00000 0.00000 1 20.00000
30 4018.00000 126.00000 0.05 0.00000 0.00000 1 20.00000
30 4023.00000 94.00000 0.05 0.00000 0.00000 1 20.00000
30 4023.00000 77.00000 0.05 0.00000 0.00000 1 20.00000
30 4020.00000 53.00000 0.05 0.00000 0.00000 1 20.00000
30 4010.00000 33.00000 0.05 0.00000 0.00000 1 20.00000
30 3981.00000 29.00000 0.05 0.00000 0.00000 1 20.00000
30 3961.00000 29.00000 0.05 0.00000 0.00000 1 20.00000
30 3940.00000 33.00000 0.05 0.00000 0.00000 1 20.00000
30 3929.00000 52.00000 0.05 0.00000 0.00000 1 20.00000
30 3926.00000 69.00000 0.05 0.00000 0.00000 1 20.00000
30 3926.00000 105.00000 0.05 0.00000 0.00000 1 20.00000
30 3945.00000 139.00000 0.05 0.00000 0.00000 1 20.00000
30 3972.00000 161.00000 0.05 0.00000 0.00000 1 20.00000
30 3985.00000 177.00000 0.05 0.00000 0.00000 1 20.00000
30 4001.00000 187.00000 0.05 0.00000 0.00000 1 20.00000
30 4014.00000 191.00000 0.05 0.00000 0.00000 1 20.00000
30 4034.00000 203.00000 0.05 0.00000 0.00000 1 20.00000
30 4057.00000 215.00000 0.05 0.00000 0.00000 1 20.00000
30 4067.00000 226.00000 0.05 0.00000 0.00000 1 20.00000
30 4083.00000 245.00000 0.05 0.00000 0.00000 1 20.00000
30 4124.00000 266.00000 0.05 0.00000 0.00000 1 20.00000
30 4144.00000 284.00000 0.05 0.00000 0.00000 1 20.00000
30 4167.00000 292.00000 0.05 0.00000 0.00000 1 20.00000
30 4203.00000 296.00000 0.05 0.00000 0.00000 1 20.00000
30 4247.00000 291.00000 0.05 0.00000 0.00000 1 20.00000
30 4249.00000 286.00000 0.05 0.00000 0.00000 1 20.00000
30 4276.00000 260.00000 0.05 0.00000 0.00000 1 20.00000
30 4288.00000 242.00000 0.05 0.00000 0.00000 1 20.00000
30 4303.00000 214.00000 0.05 0.00000 0.00000 1 20.00000
30 4317.00000 184.00000 0.05 0.00000 0.00000 1 20.00000
30 4325.00000 166.00000 0.05 0.00000 0.00000 1 20.00000
30 4335.00000 150.00000 0.05 0.00000 0.00000 1 20.00000
30 4348.00000 123.00000 0.05 0.00000 0.00000 1 20.00000
30 4376.00000 99.00000 0.05 0.00000 0.00000 1 20.00000
30 4396.00000 82.00000 0.05 0.00000 0.00000 1 20.00000
30 4422.00000 70.00000 0.05 0.00000 0.00000 1 20.00000
30 4437.00000 74.00000 0.05 0.00000 0.00000 1 20.00000
30 4469.00000 84.00000 0.05 0.00000 0.00000 1 20.00000
30 4496.00000 106.00000 0.05 0.00000 0.00000 1 20.00000
30 4523.00000 134.00000 0.05 0.00000 0.00000 1 20.00000
30 4526.00000 151.00000 0.05 0.00000 0.00000 1 20.00000
30 4535.00000 174.00000 0.05 0.00000 0.00000 1 20.00000
30 4543.00000 201.00000 0.05 0.00000 0.00000 1 20.00000
30 4541.00000 215.00000 0.05 0.00000 0.00000 1 20.00000
30 4556.00000 236.00000 0.05 0.00000 0.00000 1 20.00000
30 4576.00000 260.00000 0.05 0.00000 0.00000 1 20.00000
30 4606.00000 285.00000 0.05 0.00000 0.00000 1 20.00000
30 4622.00000 299.00000 0.05 0.00000 0.00000 1 20.00000
30 4640.00000 313.00000 0.05 0.00000 0.00000 1 20.00000
30 4655.00000 318.00000 0.05 0.00000 0.00000 1 20.00000
30 4670.00000 332.00000 0.05 0.00000 0.00000 1 20.00000
30 4681.00000 346.00000 0.05 0.00000 0.00000 1 20.00000
30 4694.00000 369.00000 0.05 0.00000 0.00000 1 20.00000
30 4714.00000 382.00000 0.05 0.00000 0.00000 1 20.00000
30 4734.00000 402.00000 0.05 0.00000 0.00000 1 20.00000
30 4738.00000 407.00000 0.05 0.00000 0.00000 1 20.00000
30 4761.00000 446.00000 0.05 0.00000 0.00000 1 20.00000
30 4774.00000 462.00000 0.05 0.00000 0.00000 1 20.00000
30 4796.00000 478.00000 0.05 0.00000 0.00000 1 20.00000
30 4846.00000 484.00000 0.05 0.00000 0.00000 1 20.00000
30 4908.00000 474.00000 0.05 0.00000 0.00000 1 20.00000
30 4929.00000 464.00000 0.05 0.00000 0.00000 1 20.00000
30 4938.00000 452.00000 0.05 0.00000 0.00000 1 20.00000
30 4957.00000 429.00000 0.05 0.00000 0.00000 1 20.00000
30 4877.00000 477.00000 0.05 0.00000 0.00000 1 20.00000
30 4981.00000 399.00000 0.05 0.00000 0.00000 1 20.00000
30 5002.00000 375.00000 0.05 0.00000 0.00000 1 20.00000
30 5006.00000 359.00000 0.05 0.00000 0.00000 1 20.00000
30 5020.00000 335.00000 0.05 0.00000 0.00000 1 20.00000
30 5044.00000 317.00000 0.05 0.00000 0.00000 1 20.00000
30 5076.00000 294.00000 0.05 0.00000 0.00000 1 20.00000
30 5112.00000 290.00000 0.05 0.00000 0.00000 1 20.00000
30 5139.00000 290.00000 0.05 0.00000 0.00000 1 20.00000
30 5162.00000 307.00000 0.05 0.00000 0.00000 1 20.00000
30 5173.00000 324.00000 0.05 0.00000 0.00000 1 20.00000
30 5185.00000 336.00000 0.05 0.00000 0.00000 1 20.00000
30 5216.00000 353.00000 0.05 0.00000 0.00000 1 20.00000
30 5280.00000 375.00000 0.05 0.00000 0.00000 1 20.00000
30 5243.00000 376.00000 0.05 0.00000 0.00000 1 20.00000
30 5312.00000 406.00000 0.05 0.00000 0.00000 1 20.00000
30 5334.00000 419.00000 0.05 0.00000 0.00000 1 20.00000
30 5355.00000 430.00000 0.05 0.00000 0.00000 1 20.00000
30 5384.00000 435.00000 0.05 0.00000 0.00000 1 20.00000
30 5439.00000 445.00000 0.05 0.00000 0.00000 1 20.00000
30 5474.00000 443.00000 0.05 0.00000 0.00000 1 20.00000
30 5488.00000 423.00000 0.05 0.00000 0.00000 1 20.00000
30 5494.00000 401.00000 0.05 0.00000 0.00000 1 20.00000
30 5508.00000 374.00000 0.05 0.00000 0.00000 1 20.00000
30 5510.00000 355.00000 0.05 0.00000 0.00000 1 20.00000
30 5512.00000 346.00000 0.05 0.00000 0.00000 1 20.00000
30 5521.00000 330.00000 0.05 0.00000 0.00000 1 20.00000
30 5539.00000 302.00000 0.05 0.00000 0.00000 1 20.00000
30 5544.00000 287.00000 0.05 0.00000 0.00000 1 20.00000
30 5555.00000 264.00000 0.05 0.00000 0.00000 1 20.00000
30 5567.00000 248.00000 0.05 0.00000 0.00000 1 20.00000
30 5591.00000 227.00000 0.05 0.00000 0.00000 1 20.00000
30 5608.00000 210.00000 0.05 0.00000 0.00000 1 20.00000
30 5631.00000 193.00000 0.05 0.00000 0.00000 1 20.00000
30 5661.00000 175.00000 0.05 0.00000 0.00000 1 20.00000
30 5682.00000 164.00000 0.05 0.00000 0.00000 1 20.00000
30 5717.00000 148.00000 0.05 0.00000 0.00000 1 20.00000
30 5757.00000 121.00000 0.05 0.00000 0.00000 1 20.00000
30 5746.00000 126.00000 0.05 0.00000 0.00000 1 20.00000
30 5793.00000 107.00000 0.05 0.00000 0.00000 1 20.00000
30 5835.00000 107.00000 0.05 0.00000 0.00000 1 20.00000
30 5856.00000 111.00000 0.05 0.00000 0.00000 1 20.00000
30 5877.00000 128.00000 0.05 0.00000 0.00000 1 20.00000
30 5901.00000 147.00000 0.05 0.00000 0.00000 1 20.00000
30 5909.00000 161.00000 0.05 0.00000 0.00000 1 20.00000
30 5932.00000 178.00000 0.05 0.00000 0.00000 1 20.00000
30 5955.00000 211.00000 0.05 0.00000 0.00000 1 20.00000
30 5985.00000 233.00000 0.05 0.00000 0.00000 1 20.00000
30 5997.00000 245.00000 0.05 0.00000 0.00000 1 20.00000
30 6005.00000 253.00000 0.05 0.00000 0.00000 1 20.00000
30 6024.00000 273.00000 0.05 0.00000 0.00000 1 20.00000
30 6045.00000 283.00000 0.05 0.00000 0.00000 1 20.00000
30 6081.00000 307.00000 0.05 0.00000 0.00000 1 20.00000
30 6112.00000 312.00000 0.05 0.00000 0.00000 1 20.00000
30 6142.00000 337.00000 0.05 0.00000 0.00000 1 20.00000
30 6168.00000 337.00000 0.05 0.00000 0.00000 1 20.00000
30 6194.00000 341.00000 0.05 0.00000 0.00000 1 20.00000
30 6233.00000 342.00000 0.05 0.00000 0.00000 1 20.00000
30 6262.00000 355.00000 0.05 0.00000 0.00000 1 20.00000
30 6286.00000 366.00000 0.05 0.00000 0.00000 1 20.00000
30 6310.00000 380.00000 0.05 0.00000 0.00000 1 20.00000
30 6323.00000 398.00000 0.05 0.00000 0.00000 1 20.00000
30 6338.00000 413.00000 0.05 0.00000 0.00000 1 20.00000
30 6371.00000 423.00000 0.05 0.00000 0.00000 1 20.00000
30 6408.00000 448.00000 0.05 0.00000 0.00000 1 20.00000
30 6457.00000 448.00000 0.05 0.00000 0.00000 1 20.00000
30 6475.00000 432.00000 0.05 0.00000 0.00000 1 20.00000
30 6485.00000 415.00000 0.05 0.00000 0.00000 1 20.00000
30 6505.00000 394.00000 0.05 0.00000 0.00000 1 20.00000
30 6509.00000 380.00000 0.05 0.00000 0.00000 1 20.00000
30 6517.00000 356.00000 0.05 0.00000 0.00000 1 20.00000
30 6519.00000 332.00000 0.05 0.00000 0.00000 1 20.00000
30 6519.00000 314.00000 0.05 0.00000 0.00000 1 20.00000
30 6519.00000 297.00000 0.05 0.00000 0.00000 1 20.00000
30 6526.00000 277.00000 0.05 0.00000 0.00000 1 20.00000
30 6542.00000 248.00000 0.05 0.00000 0.00000 1 20.00000
30 6544.00000 236.00000 0.05 0.00000 0.00000 1 20.00000
30 6559.00000 212.00000 0.05 0.00000 0.00000 1 20.00000
30 6576.00000 199.00000 0.05 0.00000 0.00000 1 20.00000
30 6600.00000 176.00000 0.05 0.00000 0.00000 1 20.00000
30 6613.00000 163.00000 0.05 0.00000 0.00000 1 20.00000
30 6656.00000 148.00000 0.05 0.00000 0.00000 1 20.00000
30 6691.00000 141.00000 0.05 0.00000 0.00000 1 20.00000
30 6729.00000 138.00000 0.05 0.00000 0.00000 1 20.00000
30 6754.00000 143.00000 0.05 0.00000 0.00000 1 20.00000
30 6783.00000 143.00000 0.05 0.00000 0.00000 1 20.00000
30 6816.00000 143.00000 0.05 0.00000 0.00000 1 20.00000
30 6856.00000 144.00000 0.05 0.00000 0.00000 1 20.00000
30 6861.00000 165.00000 0.05 0.00000 0.00000 1 20.00000
30 6882.00000 178.00000 0.05 0.00000 0.00000 1 20.00000
30 6904.00000 198.00000 0.05 0.00000 0.00000 1 20.00000
30 6917.00000 218.00000 0.05 0.00000 0.00000 1 20.00000
30 6933.00000 232.00000 0.05 0.00000 0.00000 1 20.00000
30 6955.00000 249.00000 0.05 0.00000 0.00000 1 20.00000
30 6961.00000 262.00000 0.05 0.00000 0.00000 1 20.00000
30 6976.00000 282.00000 0.05 0.00000 0.00000 1 20.00000
30 6982.00000 292.00000 0.05 0.00000 0.00000 1 20.00000
30 7008.00000 311.00000 0.05 0.00000 0.00000 1 20.00000
30 7037.00000 321.00000 0.05 0.00000 0.00000 1 20.00000
30 7062.00000 333.00000 0.05 0.00000 0.00000 1 20.00000
30 7091.00000 334.00000 0.05 0.00000 0.00000 1 20.00000
30 7145.00000 330.00000 0.05 0.00000 0.00000 1 20.00000
30 7156.00000 328.00000 0.05 0.00000 0.00000 1 20.00000
30 7122.00000 326.00000 0.05 0.00000 0.00000 1 20.00000
30 7194.00000 323.00000 0.05 0.00000 0.00000 1 20.00000
30 7225.00000 318.00000 0.05 0.00000 0.00000 1 20.00000
30 7276.00000 313.00000 0.05 0.00000 0.00000 1 20.00000
30 7243.00000 313.00000 0.05 0.00000 0.00000 1 20.00000
30 7309.00000 307.00000 0.05 0.00000 0.00000 1 20.00000
30 7338.00000 301.00000 0.05 0.00000 0.00000 1 20.00000
30 7362.00000 286.00000 0.05 0.00000 0.00000 1 20.00000
30 7385.00000 269.00000 0.05 0.00000 0.00000 1 20.00000
30 7410.00000 256.00000 0.05 0.00000 0.00000 1 20.00000
30 7440.00000 245.00000 0.05 0.00000 0.00000 1 20.00000
30 7465.00000 228.00000 0.05 0.00000 0.00000 1 20.00000
30 7493.00000 220.00000 0.05 0.00000 0.00000 1 20.00000
30 7523.00000 213.00000 0.05 0.00000 0.00000 1 20.00000
30 7550.00000 211.00000 0.05 0.00000 0.00000 1 20.00000
30 7570.00000 211.00000 0.05 0.00000 0.00000 1 20.00000
30 7609.00000 209.00000 0.05 0.00000 0.00000 1 20.00000
30 7630.00000 210.00000 0.05 0.00000 0.00000 1 20.00000
30 7667.00000 213.00000 0.05 0.00000 0.00000 1 20.00000
30 7679.00000 219.00000 0.05 0.00000 0.00000 1 20.00000
30 7700.00000 232.00000 0.05 0.00000 0.00000 1 20.00000
30 7737.00000 259.00000 0.05 0.00000 0.00000 1 20.00000
30 7747.00000 268.00000 0.05 0.00000 0.00000 1 20.00000
30 7756.00000 287.00000 0.05 0.00000 0.00000 1 20.00000
30 7789.00000 316.00000 0.05 0.00000 0.00000 1 20.00000
30 7798.00000 343.00000 0.05 0.00000 0.00000 1 20.00000
30 7805.00000 355.00000 0.05 0.00000 0.00000 1 20.00000
30 7817.00000 377.00000 0.05 0.00000 0.00000 1 20.00000
30 7827.00000 386.00000 0.05 0.00000 0.00000 1 20.00000
30 7834.00000 403.00000 0.05 0.00000 0.00000 1 20.00000
30 7851.00000 424.00000 0.05 0.00000 0.00000 1 20.00000
30 7863.00000 435.00000 0.05 0.00000 0.00000 1 20.00000
30 7869.00000 444.00000 0.05 0.00000 0.00000 1 20.00000
30 7882.00000 463.00000 0.05 0.00000 0.00000 1 20.00000
30 7903.00000 482.00000 0.05 0.00000 0.00000 1 20.00000
30 7910.00000 494.00000 0.05 0.00000 0.00000 1 20.00000
30 7937.00000 491.00000 0.05 0.00000 0.00000 1 20.00000
30 7977.00000 506.00000 0.05 0.00000 0.00000 1 20.00000
30 8000.00000 506.00000 0.05 0.00000 0.00000 1 20.00000
30 8035.00000 507.00000 0.05 0.00000 0.00000 1 20.00000
30 8076.00000 507.00000 0.05 0.00000 0.00000 1 20.00000
30 8109.00000 506.00000 0.05 0.00000 0.00000 1 20.00000
30 8137.00000 485.00000 0.05 0.00000 0.00000 1 20.00000
30 8194.00000 457.00000 0.05 0.00000 0.00000 1 20.00000
30 8200.00000 449.00000 0.05 0.00000 0.00000 1 20.00000
30 8225.00000 420.00000 0.05 0.00000 0.00000 1 20.00000
30 8230.00000 403.00000 0.05 0.00000 0.00000 1 20.00000
30 8239.00000 386.00000 0.05 0.00000 0.00000 1 20.00000
30 8273.00000 355.00000 0.05 0.00000 0.00000 1 20.00000
30 8302.00000 323.00000 0.05 0.00000 0.00000 1 20.00000
30 8326.00000 309.00000 0.05 0.00000 0.00000 1 20.00000
30 8365.00000 301.00000 0.05 0.00000 0.00000 1 20.00000
30 8400.00000 301.00000 0.05 0.00000 0.00000 1 20.00000
30 8423.00000 301.00000 0.05 0.00000 0.00000 1 20.00000
30 8462.00000 301.00000 0.05 0.00000 0.00000 1 20.00000
30 8481.00000 301.00000 0.05 0.00000 0.00000 1 20.00000
30 8512.00000 301.00000 0.05 0.00000 0.00000 1 20.00000
30 8529.00000 301.00000 0.05 0.00000 0.00000 1 20.00000
1 8077.50000 335.00000 0.40 0.00000 0.00000 0
1 8280.50000 512.00000 0.40 0.00000 0.00000 0
1 8319.50000 402.00000 0.40 0.00000 0.00000 0
1 7990.50000 438.00000 0.40 0.00000 0.00000 0
1 7948.50000 320.00000 0.40 0.00000 0.00000 0
1 8070.50000 257.00000 0.40 0.00000 0.00000 0
1 8220.50000 95.00000 0.40 0.00000 0.00000 0
1 8111.50000 185.00000 0.40 0.00000 0.00000 0
1 7962.50000 59.00000 0.40 0.00000 0.00000 0
1 7964.50000 183.00000 0.40 0.00000 0.00000 0
1 7802.50000 105.00000 0.40 0.00000 0.00000 0
1 7678.50000 42.00000 0.40 0.00000 0.00000 0
1 7779.50000 198.00000 0.40 0.00000 0.00000 0
1 7546.50000 136.00000 0.40 0.00000 0.00000 0
1 7558.50000 43.00000 0.40 0.00000 0.00000 0
1 7540.50000 321.00000 0.40 0.00000 0.00000 0
1 7673.50000 434.00000 0.40 0.00000 0.00000 0
1 7536.50000 528.00000 0.40 0.00000 0.00000 0
1 7456.50000 396.00000 0.40 0.00000 0.00000 0
1 7292.50000 508.00000 0.40 0.00000 0.00000 0
1 7209.50000 405.00000 0.40 0.00000 0.00000 0
1 7108.50000 480.00000 0.40 0.00000 0.00000 0
1 7122.50000 238.00000 0.40 0.00000 0.00000 0
1 7325.50000 207.00000 0.40 0.00000 0.00000 0
1 7320.50000 109.00000 0.40 0.00000 0.00000 0
1 7128.50000 36.00000 0.40 0.00000 0.00000 0
1 6954.50000 81.00000 0.40 0.00000 0.00000 0
1 7127.50000 122.00000 0.40 0.00000 0.00000 0
1 6871.50000 234.00000 0.40 0.00000 0.00000 0
1 6825.50000 343.00000 0.40 0.00000 0.00000 0
1 6915.50000 399.00000 0.40 0.00000 0.00000 0
1 6806.50000 482.00000 0.40 0.00000 0.00000 0
1 6568.50000 490.00000 0.40 0.00000 0.00000 0
1 6638.50000 368.00000 0.40 0.00000 0.00000 0
1 6688.50000 245.00000 0.40 0.00000 0.00000 0
1 6572.50000 122.00000 0.40 0.00000 0.00000 0
1 6742.50000 43.00000 0.40 0.00000 0.00000 0
1 6312.50000 57.00000 0.40 0.00000 0.00000 0
1 6318.50000 157.00000 0.40 0.00000 0.00000 0
1 6421.50000 303.00000 0.40 0.00000 0.00000 0
1 6411.50000 541.00000 0.40 0.00000 0.00000 0
1 6218.50000 468.00000 0.40 0.00000 0.00000 0
1 6139.50000 546.00000 0.40 0.00000 0.00000 0
1 5972.50000 468.00000 0.40 0.00000 0.00000 0
1 5994.50000 348.00000 0.40 0.00000 0.00000 0
1 5778.50000 500.00000 0.40 0.00000 0.00000 0
1 5775.50000 284.00000 0.40 0.00000 0.00000 0
1 5623.50000 333.00000 0.40 0.00000 0.00000 0
1 5582.50000 452.00000 0.40 0.00000 0.00000 0
1 5414.50000 509.00000 0.40 0.00000 0.00000 0
1 5428.50000 227.00000 0.40 0.00000 0.00000 0
1 5547.50000 81.00000 0.40 0.00000 0.00000 0
1 6025.50000 69.00000 0.40 0.00000 0.00000 0
1 6104.50000 202.00000 0.40 0.00000 0.00000 0
1 5294.50000 64.00000 0.40 0.00000 0.00000 0
1 5261.50000 143.00000 0.40 0.00000 0.00000 0
1 5046.50000 200.00000 0.40 0.00000 0.00000 0
1 5081.50000 464.00000 0.40 0.00000 0.00000 0
1 5181.50000 528.00000 0.40 0.00000 0.00000 0
1 4821.50000 556.00000 0.40 0.00000 0.00000 0
1 4893.50000 397.00000 0.40 0.00000 0.00000 0
1 4774.50000 316.00000 0.40 0.00000 0.00000 0
1 4775.50000 193.00000 0.40 0.00000 0.00000 0
1 4789.50000 103.00000 0.40 0.00000 0.00000 0
1 4922.50000 37.00000 0.40 0.00000 0.00000 0
1 4696.50000 33.00000 0.40 0.00000 0.00000 0
1 4650.50000 166.00000 0.40 0.00000 0.00000 0
1 4448.50000 211.00000 0.40 0.00000 0.00000 0
1 4486.50000 367.00000 0.40 0.00000 0.00000 0
1 4584.50000 512.00000 0.40 0.00000 0.00000 0
1 4314.50000 537.00000 0.40 0.00000 0.00000 0
1 4300.50000 382.00000 0.40 0.00000 0.00000 0
1 4081.50000 538.00000 0.40 0.00000 0.00000 0
1 4118.50000 447.00000 0.40 0.00000 0.00000 0
1 4055.50000 385.00000 0.40 0.00000 0.00000 0
1 3940.50000 255.00000 0.40 0.00000 0.00000 0
1 3849.50000 398.00000 0.40 0.00000 0.00000 0
1 3852.50000 533.00000 0.40 0.00000 0.00000 0
1 4148.50000 113.00000 0.40 0.00000 0.00000 0
1 3763.50000 88.00000 0.40 0.00000 0.00000 0
1 3573.50000 248.00000 0.40 0.00000 0.00000 0
1 3637.50000 398.00000 0.40 0.00000 0.00000 0
1 3702.50000 117.00000 0.40 0.00000 0.00000 0
1 3385.50000 509.00000 0.40 0.00000 0.00000 0
1 3252.50000 362.00000 0.40 0.00000 0.00000 0
1 3165.50000 508.00000 0.40 0.00000 0.00000 0
1 2921.50000 529.00000 0.40 0.00000 0.00000 0
1 2817.50000 365.00000 0.40 0.00000 0.00000 0
1 2980.50000 156.00000 0.40 0.00000 0.00000 0
1 2869.50000 56.00000 0.40 0.00000 0.00000 0
1 2665.50000 102.00000 0.40 0.00000 0.00000 0
1 2635.50000 259.00000 0.40 0.00000 0.00000 0
1 2458.50000 452.00000 0.40 0.00000 0.00000 0
1 2382.50000 360.00000 0.40 0.00000 0.00000 0
1 2326.50000 92.00000 0.40 0.00000 0.00000 0
1 2276.50000 187.00000 0.40 0.00000 0.00000 0
1 2113.50000 260.00000 0.40 0.00000 0.00000 0
1 2254.50000 441.00000 0.40 0.00000 0.00000 0
1 2038.50000 403.00000 0.40 0.00000 0.00000 0
1 2100.50000 503.00000 0.40 0.00000 0.00000 0
1 1864.50000 391.00000 0.40 0.00000 0.00000 0
1 1927.50000 158.00000 0.40 0.00000 0.00000 0
1 2073.50000 81.00000 0.40 0.00000 0.00000 0
1 1785.50000 140.00000 0.40 0.00000 0.00000 0
1 1657.50000 189.00000 0.40 0.00000 0.00000 0
1 1773.50000 325.00000 0.40 0.00000 0.00000 0
1 1560.50000 380.00000 0.40 0.00000 0.00000 0
1 1660.50000 480.00000 0.40 0.00000 0.00000 0
1 1534.50000 540.00000 0.40 0.00000 0.00000 0
1 1425.50000 475.00000 0.40 0.00000 0.00000 0
1 1286.50000 542.00000 0.40 0.00000 0.00000 0
1 1334.50000 396.00000 0.40 0.00000 0.00000 0
1 1455.50000 115.00000 0.40 0.00000 0.00000 0
1 1353.50000 31.00000 0.40 0.00000 0.00000 0
1 1273.50000 152.00000 0.40 0.00000 0.00000 0
1 1095.50000 124.00000 0.40 0.00000 0.00000 0
1 1071.50000 51.00000 0.40 0.00000 0.00000 0
1 1194.50000 308.00000 0.40 0.00000 0.00000 0
1 965.50000 203.00000 0.40 0.00000 0.00000 0
1 1070.50000 333.00000 0.40 0.00000 0.00000 0
1 876.50000 311.00000 0.40 0.00000 0.00000 0
1 851.50000 124.00000 0.40 0.00000 0.00000 0
1 740.50000 45.00000 0.40 0.00000 0.00000 0
1 914.50000 33.00000 0.40 0.00000 0.00000 0
1 737.50000 175.00000 0.40 0.00000 0.00000 0
1 729.50000 256.00000 0.40 0.00000 0.00000 0
1 836.50000 257.00000 0.40 0.00000 0.00000 0
1 719.50000 410.00000 0.40 0.00000 0.00000 0
1 678.50000 529.00000 0.40 0.00000 0.00000 0
1 820.50000 569.00000 0.40 0.00000 0.00000 0
1 800.50000 466.00000 0.40 0.00000 0.00000 0
1 932.50000 521.00000 0.40 0.00000 0.00000 0
